Frame1 [8, 59, 74, 315] Score: 0.9814  [146, 98, 194, 221] Score: 0.8266  [266, 38, 311, 171] Score: 0.7812  [201, 81, 266, 217] Score: 0.6770  [294, 53, 329, 148] Score: 0.4528  [273, 49, 297, 88] Score: 0.3698  [205, 83, 237, 154] Score: 0.2684  [414, 112, 427, 127] Score: 0.2218  [233, 85, 249, 108] Score: 0.1825  [6, 10, 42, 137] Score: 0.1491 
Frame2 [4, 96, 67, 308] Score: 0.9393  [252, 55, 326, 166] Score: 0.8978  [211, 77, 264, 219] Score: 0.7635  [257, 46, 298, 116] Score: 0.7372  [292, 44, 307, 116] Score: 0.6479  [203, 78, 233, 186] Score: 0.5975  [280, 48, 294, 90] Score: 0.3677  [148, 109, 183, 219] Score: 0.1954  [414, 112, 427, 127] Score: 0.1824  [299, 51, 320, 129] Score: 0.1664  [4, 66, 40, 132] Score: 0.1122 
Frame3 [1, 98, 58, 323] Score: 0.9644  [253, 42, 322, 169] Score: 0.9643  [206, 78, 258, 217] Score: 0.8194  [303, 54, 327, 153] Score: 0.6696  [290, 49, 306, 124] Score: 0.6661  [186, 94, 230, 230] Score: 0.3024  [277, 48, 294, 91] Score: 0.2898  [142, 92, 196, 213] Score: 0.1589  [7, 130, 47, 209] Score: 0.1184  [273, 48, 283, 87] Score: 0.1112 
Frame4 [0, 114, 60, 303] Score: 0.9750  [203, 79, 268, 224] Score: 0.8297  [251, 44, 319, 192] Score: 0.8160  [302, 55, 328, 154] Score: 0.8015  [262, 47, 294, 118] Score: 0.7636  [271, 48, 284, 88] Score: 0.1478  [404, 107, 427, 149] Score: 0.1415  [142, 102, 178, 181] Score: 0.1364 
Frame5 [203, 77, 271, 229] Score: 0.9557  [261, 48, 292, 114] Score: 0.8693  [302, 43, 327, 154] Score: 0.8120  [245, 47, 310, 192] Score: 0.6873  [4, 41, 44, 401] Score: 0.6424  [289, 48, 304, 68] Score: 0.3857  [277, 50, 292, 76] Score: 0.2741  [414, 112, 427, 127] Score: 0.2090  [140, 98, 175, 180] Score: 0.1330 
Frame6 [259, 47, 291, 115] Score: 0.9113  [289, 48, 310, 126] Score: 0.7566  [188, 76, 258, 222] Score: 0.7422  [300, 46, 328, 155] Score: 0.7387  [276, 50, 290, 90] Score: 0.5022  [245, 47, 302, 206] Score: 0.4422  [262, 49, 279, 82] Score: 0.3992  [4, 116, 51, 311] Score: 0.3764  [414, 105, 427, 128] Score: 0.2446  [304, 57, 314, 112] Score: 0.1800  [192, 84, 225, 159] Score: 0.1589  [311, 63, 317, 88] Score: 0.1471  [311, 57, 330, 108] Score: 0.1023 
Frame7 [253, 48, 305, 117] Score: 0.8955  [290, 48, 326, 152] Score: 0.8520  [3, 123, 54, 319] Score: 0.6257  [193, 58, 275, 226] Score: 0.4847  [275, 50, 290, 88] Score: 0.4288  [288, 53, 304, 125] Score: 0.4063  [299, 56, 313, 122] Score: 0.4063  [268, 48, 281, 78] Score: 0.2828  [309, 68, 317, 92] Score: 0.2198  [312, 51, 331, 111] Score: 0.1929  [414, 112, 427, 127] Score: 0.1906 
Frame8 [256, 45, 302, 154] Score: 0.9403  [287, 48, 305, 127] Score: 0.8708  [297, 47, 328, 160] Score: 0.8659  [192, 76, 258, 232] Score: 0.7531  [262, 48, 283, 78] Score: 0.3970  [289, 48, 301, 69] Score: 0.3543  [5, 26, 58, 385] Score: 0.1544  [2, 235, 49, 315] Score: 0.1420  [0, 133, 31, 253] Score: 0.1374  [303, 60, 316, 109] Score: 0.1159 
Frame9 [258, 46, 324, 162] Score: 0.9394  [251, 46, 290, 119] Score: 0.8725  [288, 48, 306, 153] Score: 0.6793  [189, 76, 255, 228] Score: 0.4836  [261, 48, 277, 79] Score: 0.2843  [0, 156, 25, 222] Score: 0.2065  [303, 59, 310, 106] Score: 0.1790  [306, 64, 315, 82] Score: 0.1282  [309, 51, 330, 116] Score: 0.1239  [315, 63, 325, 83] Score: 0.1000 
Frame10 [262, 48, 324, 161] Score: 0.9374  [286, 48, 304, 120] Score: 0.7879  [189, 77, 247, 219] Score: 0.7219  [260, 48, 290, 91] Score: 0.7135  [1, 143, 55, 393] Score: 0.2943  [1, 150, 24, 254] Score: 0.1754  [302, 55, 322, 70] Score: 0.1737  [303, 60, 315, 100] Score: 0.1002 
Frame11 [262, 48, 317, 168] Score: 0.9019  [287, 52, 303, 123] Score: 0.7680  [259, 47, 288, 99] Score: 0.6949  [168, 75, 253, 229] Score: 0.5489  [308, 48, 328, 168] Score: 0.4491  [292, 51, 321, 70] Score: 0.2314  [302, 63, 307, 97] Score: 0.1246 
Frame12 [261, 49, 323, 168] Score: 0.9044  [253, 49, 287, 123] Score: 0.8833  [286, 51, 303, 120] Score: 0.7704  [0, 156, 13, 254] Score: 0.6374  [273, 53, 289, 68] Score: 0.3589  [307, 53, 331, 128] Score: 0.3480  [301, 64, 312, 113] Score: 0.2483  [313, 52, 331, 83] Score: 0.2135  [191, 71, 246, 230] Score: 0.1991  [108, 76, 230, 237] Score: 0.1037  [182, 80, 213, 176] Score: 0.1032 
Frame13 [255, 47, 288, 170] Score: 0.8974  [295, 46, 328, 167] Score: 0.8246  [286, 53, 302, 126] Score: 0.6237  [182, 82, 240, 224] Score: 0.5361  [276, 65, 285, 90] Score: 0.2614  [265, 58, 278, 88] Score: 0.2168  [300, 63, 310, 115] Score: 0.2148  [308, 55, 317, 70] Score: 0.1456  [113, 73, 163, 228] Score: 0.1148 
Frame14 [253, 46, 289, 173] Score: 0.9223  [301, 47, 329, 169] Score: 0.8709  [170, 74, 240, 233] Score: 0.7096  [282, 46, 301, 161] Score: 0.6724  [107, 67, 152, 231] Score: 0.4214  [271, 53, 288, 68] Score: 0.3966  [310, 51, 331, 85] Score: 0.3072  [299, 52, 317, 72] Score: 0.2757  [273, 64, 284, 90] Score: 0.2541  [254, 50, 275, 72] Score: 0.2516  [299, 63, 309, 113] Score: 0.1184  [414, 111, 427, 134] Score: 0.1130 
Frame15 [251, 45, 290, 169] Score: 0.8826  [102, 77, 168, 233] Score: 0.8559  [297, 50, 328, 170] Score: 0.8359  [281, 47, 302, 163] Score: 0.7542  [173, 68, 249, 229] Score: 0.5136  [270, 52, 287, 95] Score: 0.2867  [298, 61, 306, 110] Score: 0.2831  [315, 53, 331, 88] Score: 0.2638  [299, 63, 303, 88] Score: 0.1976  [277, 66, 284, 93] Score: 0.1920 
Frame16 [107, 88, 153, 239] Score: 0.9823  [252, 48, 285, 171] Score: 0.8686  [300, 50, 328, 170] Score: 0.8416  [284, 50, 311, 167] Score: 0.7929  [281, 61, 299, 125] Score: 0.4352  [119, 85, 224, 227] Score: 0.4302  [299, 50, 333, 77] Score: 0.2937  [300, 52, 315, 68] Score: 0.2474  [269, 54, 287, 68] Score: 0.1776  [299, 65, 307, 74] Score: 0.1560  [325, 51, 332, 63] Score: 0.1553  [308, 57, 319, 76] Score: 0.1091  [270, 63, 285, 93] Score: 0.1057 
Frame17 [95, 94, 144, 233] Score: 0.9606  [250, 52, 284, 123] Score: 0.8827  [296, 53, 327, 170] Score: 0.7896  [274, 50, 299, 163] Score: 0.6798  [123, 89, 222, 229] Score: 0.3651  [301, 52, 333, 77] Score: 0.3465  [296, 67, 303, 103] Score: 0.2815  [295, 52, 315, 67] Score: 0.2576  [312, 52, 325, 70] Score: 0.2240  [269, 54, 286, 67] Score: 0.2212  [300, 62, 315, 74] Score: 0.1486 
Frame18 [251, 50, 293, 170] Score: 0.9829  [96, 96, 156, 245] Score: 0.9527  [296, 53, 328, 168] Score: 0.8714  [282, 51, 296, 124] Score: 0.6560  [251, 50, 277, 98] Score: 0.4483  [295, 51, 313, 71] Score: 0.3610  [167, 82, 236, 249] Score: 0.3203  [270, 55, 284, 68] Score: 0.2395  [303, 61, 332, 83] Score: 0.1731  [324, 59, 332, 76] Score: 0.1517  [304, 68, 313, 79] Score: 0.1157 
Frame19 [94, 94, 142, 240] Score: 0.9642  [237, 49, 284, 162] Score: 0.9365  [287, 49, 328, 173] Score: 0.8276  [253, 51, 278, 91] Score: 0.3236  [295, 53, 312, 68] Score: 0.2030  [294, 63, 303, 106] Score: 0.1937  [175, 64, 252, 231] Score: 0.1469 
Frame20 [250, 51, 284, 170] Score: 0.9721  [94, 93, 141, 232] Score: 0.8401  [300, 52, 329, 169] Score: 0.8171  [284, 50, 312, 168] Score: 0.7876  [282, 62, 294, 129] Score: 0.4385  [169, 82, 236, 246] Score: 0.2282  [309, 53, 321, 77] Score: 0.2189  [291, 54, 310, 81] Score: 0.2053  [294, 65, 304, 78] Score: 0.1120  [323, 146, 331, 169] Score: 0.1022 
Frame21 [246, 49, 287, 170] Score: 0.9651  [94, 90, 139, 243] Score: 0.9498  [166, 86, 234, 245] Score: 0.8789  [279, 50, 304, 165] Score: 0.8266  [298, 52, 329, 167] Score: 0.6510  [251, 52, 280, 79] Score: 0.2413 
Frame22 [90, 94, 138, 243] Score: 0.9261  [161, 76, 234, 242] Score: 0.8851  [245, 46, 286, 172] Score: 0.7468  [297, 50, 329, 166] Score: 0.5506  [282, 51, 305, 163] Score: 0.3852  [254, 52, 275, 77] Score: 0.1126 
Frame23 [90, 94, 136, 243] Score: 0.8169  [159, 81, 236, 242] Score: 0.7316  [244, 50, 300, 169] Score: 0.6227  [290, 60, 329, 169] Score: 0.3348 
Frame24 [84, 97, 134, 239] Score: 0.9614  [155, 74, 236, 240] Score: 0.6919  [296, 55, 330, 176] Score: 0.3634  [234, 44, 311, 170] Score: 0.3047  [301, 55, 319, 80] Score: 0.1256 
Frame25 [86, 99, 134, 246] Score: 0.9650  [156, 81, 220, 242] Score: 0.8983  [221, 50, 308, 164] Score: 0.8702  [292, 51, 330, 176] Score: 0.7922 
Frame26 [245, 53, 288, 177] Score: 0.9881  [78, 96, 138, 237] Score: 0.8995  [154, 75, 221, 247] Score: 0.5279  [283, 57, 328, 179] Score: 0.4300  [307, 112, 330, 175] Score: 0.1517  [268, 54, 286, 79] Score: 0.1058 
Frame27 [253, 60, 323, 180] Score: 0.7180  [72, 97, 135, 236] Score: 0.6175  [243, 56, 283, 142] Score: 0.3977  [289, 62, 331, 134] Score: 0.2488  [305, 116, 331, 176] Score: 0.1700  [152, 76, 219, 250] Score: 0.1392 
Frame28 [67, 99, 131, 239] Score: 0.9483  [223, 48, 293, 183] Score: 0.5044  [279, 63, 339, 184] Score: 0.1462  [146, 79, 215, 252] Score: 0.1422  [306, 126, 330, 175] Score: 0.1263 
Frame29 [61, 99, 128, 234] Score: 0.9284  [239, 54, 290, 179] Score: 0.3885  [148, 82, 214, 251] Score: 0.2927  [291, 61, 329, 185] Score: 0.1236  [321, 135, 332, 172] Score: 0.1092 
Frame30 [71, 99, 124, 234] Score: 0.9475  [240, 55, 289, 165] Score: 0.2819  [307, 143, 325, 181] Score: 0.1455  [292, 62, 329, 187] Score: 0.1446  [305, 61, 513, 199] Score: 0.1321  [324, 133, 332, 177] Score: 0.1103 
Frame31 [67, 100, 130, 247] Score: 0.9163  [142, 81, 213, 254] Score: 0.4865  [239, 54, 296, 176] Score: 0.3420  [292, 60, 328, 184] Score: 0.3094  [147, 94, 168, 120] Score: 0.1501 
Frame32 [54, 99, 125, 234] Score: 0.9788  [241, 51, 283, 180] Score: 0.8123  [142, 83, 216, 254] Score: 0.5374  [300, 56, 519, 200] Score: 0.1020 
Frame33 [58, 101, 114, 242] Score: 0.9704  [146, 86, 211, 245] Score: 0.2694  [290, 56, 328, 187] Score: 0.2211 
Frame34 [50, 100, 119, 233] Score: 0.9450  [238, 56, 289, 179] Score: 0.8107  [138, 75, 218, 256] Score: 0.4147  [288, 54, 327, 186] Score: 0.3056 
Frame35 [47, 96, 113, 234] Score: 0.6179  [289, 59, 327, 188] Score: 0.5235 
Frame36 [37, 101, 108, 202] Score: 0.4541  [129, 68, 214, 255] Score: 0.3625  [235, 58, 295, 191] Score: 0.2728  [287, 61, 327, 191] Score: 0.1554 
Frame37 [291, 66, 327, 190] Score: 0.3909  [238, 58, 287, 159] Score: 0.3807  [127, 65, 209, 255] Score: 0.1880  [48, 64, 70, 104] Score: 0.1268  [36, 97, 97, 170] Score: 0.1161 
Frame38 [286, 60, 337, 187] Score: 0.4823  [239, 59, 282, 180] Score: 0.3461  [305, 56, 511, 198] Score: 0.1950  [123, 67, 203, 255] Score: 0.1267  [32, 94, 95, 178] Score: 0.1004 
Frame39 [287, 56, 328, 187] Score: 0.7865  [122, 79, 206, 245] Score: 0.2585  [34, 98, 100, 203] Score: 0.2107  [239, 60, 283, 177] Score: 0.2072 
Frame40 [288, 60, 329, 185] Score: 0.5632  [237, 57, 273, 178] Score: 0.3397  [118, 63, 197, 256] Score: 0.2378  [53, 108, 95, 203] Score: 0.1503  [294, 66, 305, 72] Score: 0.1386 
Frame41 [37, 92, 86, 198] Score: 0.4357  [283, 61, 338, 187] Score: 0.3715  [46, 67, 71, 101] Score: 0.1500  [239, 56, 283, 179] Score: 0.1288 
Frame42 [237, 58, 273, 172] Score: 0.8011  [280, 52, 338, 190] Score: 0.4315  [31, 104, 100, 262] Score: 0.4125  [28, 112, 81, 174] Score: 0.3937  [261, 53, 282, 178] Score: 0.3055  [270, 59, 287, 100] Score: 0.1420  [49, 100, 73, 115] Score: 0.1311 
Frame43 [234, 60, 281, 179] Score: 0.7073  [269, 53, 326, 188] Score: 0.3548  [31, 99, 94, 253] Score: 0.3099 
Frame44 [236, 62, 271, 176] Score: 0.8295  [271, 64, 331, 188] Score: 0.7577  [32, 96, 90, 248] Score: 0.5688  [260, 53, 281, 182] Score: 0.4235  [271, 63, 284, 103] Score: 0.3086  [257, 57, 279, 81] Score: 0.2425  [279, 58, 298, 80] Score: 0.2046 
Frame45 [283, 65, 325, 196] Score: 0.4519  [235, 61, 277, 179] Score: 0.3519  [24, 90, 85, 248] Score: 0.2992  [99, 90, 178, 254] Score: 0.1210 
Frame46 [233, 60, 276, 180] Score: 0.4340  [279, 58, 323, 201] Score: 0.1357  [99, 84, 173, 257] Score: 0.1331  [23, 88, 73, 257] Score: 0.1145 
Frame47 [276, 56, 319, 196] Score: 0.1634  [232, 60, 279, 179] Score: 0.1517  [17, 61, 79, 296] Score: 0.1427  [29, 94, 64, 175] Score: 0.1257 
Frame48 [29, 93, 71, 176] Score: 0.5406  [16, 62, 74, 298] Score: 0.1490  [227, 53, 322, 197] Score: 0.1411  [88, 64, 169, 265] Score: 0.1023 
Frame49 [235, 50, 318, 194] Score: 0.1594  [84, 85, 164, 271] Score: 0.1461  [12, 56, 71, 294] Score: 0.1375 
Frame50 [229, 51, 279, 187] Score: 0.2415  [11, 67, 72, 268] Score: 0.2256  [257, 66, 319, 201] Score: 0.1690  [85, 83, 171, 261] Score: 0.1619 
Frame51 [271, 63, 318, 197] Score: 0.3554  [80, 74, 153, 252] Score: 0.3499  [14, 57, 73, 285] Score: 0.1461 
Frame52 [231, 53, 315, 193] Score: 0.5323  [80, 70, 137, 255] Score: 0.3046  [10, 57, 73, 255] Score: 0.2099 
Frame53 [214, 53, 319, 187] Score: 0.3112  [65, 93, 157, 254] Score: 0.1172 
Frame54 [66, 65, 147, 258] Score: 0.1787  [223, 50, 317, 193] Score: 0.1168  [7, 55, 57, 288] Score: 0.1056 
Frame55 [59, 102, 138, 255] Score: 0.5520  [217, 56, 307, 196] Score: 0.3586  [4, 89, 65, 259] Score: 0.1138  [282, 119, 312, 196] Score: 0.1038 
Frame56 [264, 71, 315, 201] Score: 0.5769  [62, 68, 143, 265] Score: 0.3347 
Frame57 [205, 58, 305, 197] Score: 0.3652  [60, 72, 144, 265] Score: 0.1921  [4, 58, 50, 302] Score: 0.1789 
Frame58 [201, 57, 302, 194] Score: 0.4563  [2, 78, 56, 278] Score: 0.3377  [53, 68, 138, 267] Score: 0.2338 
Frame59 [4, 39, 57, 261] Score: 0.5024  [210, 58, 301, 198] Score: 0.4130  [22, 69, 137, 262] Score: 0.4005 
Frame60 [5, 53, 68, 305] Score: 0.4347  [45, 87, 130, 276] Score: 0.1611 
Frame61 [196, 59, 311, 194] Score: 0.5345  [1, 98, 56, 268] Score: 0.4650  [32, 71, 127, 273] Score: 0.2092  [314, 63, 338, 111] Score: 0.1030 
Frame62 [198, 58, 303, 195] Score: 0.8246  [2, 53, 50, 301] Score: 0.5160  [311, 46, 360, 146] Score: 0.2707  [36, 82, 130, 279] Score: 0.2206  [311, 87, 330, 172] Score: 0.1676  [313, 56, 333, 94] Score: 0.1275 
Frame63 [2, 71, 35, 271] Score: 0.7204  [15, 64, 121, 278] Score: 0.6289  [208, 61, 309, 199] Score: 0.5347  [277, 66, 306, 203] Score: 0.3840  [307, 92, 329, 171] Score: 0.2357 
Frame64 [258, 64, 303, 211] Score: 0.7254  [1, 72, 36, 274] Score: 0.7177  [304, 89, 331, 168] Score: 0.5251  [19, 66, 117, 278] Score: 0.5042  [306, 60, 338, 122] Score: 0.4158  [209, 58, 265, 196] Score: 0.3714 
Frame65 [302, 53, 332, 171] Score: 0.9440  [249, 65, 300, 208] Score: 0.6139  [2, 74, 46, 268] Score: 0.5626  [15, 74, 109, 290] Score: 0.3888  [256, 76, 267, 89] Score: 0.1573  [206, 57, 260, 198] Score: 0.1273  [47, 68, 56, 93] Score: 0.1174 
Frame66 [304, 42, 332, 168] Score: 0.9769  [246, 58, 301, 211] Score: 0.7383  [13, 61, 125, 274] Score: 0.5067  [305, 95, 321, 139] Score: 0.1231  [201, 56, 264, 197] Score: 0.1009 
Frame67 [302, 39, 331, 167] Score: 0.9314  [15, 63, 118, 271] Score: 0.5191  [246, 57, 309, 208] Score: 0.4374  [312, 45, 344, 75] Score: 0.1763  [1, 98, 27, 271] Score: 0.1676 
Frame68 [302, 43, 331, 165] Score: 0.9254  [21, 47, 100, 275] Score: 0.5764  [226, 55, 299, 206] Score: 0.3686  [310, 45, 344, 101] Score: 0.1805 
Frame69 [301, 48, 329, 164] Score: 0.9639  [4, 68, 108, 292] Score: 0.5222  [312, 63, 332, 118] Score: 0.2977  [179, 48, 304, 201] Score: 0.2778  [309, 48, 328, 81] Score: 0.1979 
Frame70 [302, 43, 339, 163] Score: 0.9520  [239, 60, 301, 190] Score: 0.4273  [13, 64, 97, 301] Score: 0.2986 
Frame71 [301, 48, 332, 169] Score: 0.9581  [8, 80, 89, 362] Score: 0.5799  [185, 53, 303, 203] Score: 0.3518  [307, 48, 332, 71] Score: 0.2590 
Frame72 [298, 39, 339, 166] Score: 0.9012  [8, 67, 87, 357] Score: 0.8606  [192, 55, 296, 199] Score: 0.5235  [304, 46, 333, 71] Score: 0.1489 
Frame73 [298, 45, 332, 167] Score: 0.9888  [8, 67, 83, 366] Score: 0.8197  [192, 59, 289, 200] Score: 0.6321  [320, 48, 332, 66] Score: 0.3357  [308, 48, 322, 70] Score: 0.1425 
Frame74 [295, 46, 332, 166] Score: 0.9932  [219, 53, 289, 215] Score: 0.7090  [10, 64, 83, 303] Score: 0.4507  [302, 48, 331, 69] Score: 0.2568  [194, 62, 249, 198] Score: 0.1104 
Frame75 [294, 46, 331, 172] Score: 0.9944  [11, 74, 78, 379] Score: 0.7834  [185, 60, 286, 198] Score: 0.6539 
Frame76 [293, 51, 327, 174] Score: 0.9888  [11, 59, 87, 378] Score: 0.8180  [189, 63, 280, 200] Score: 0.4139  [301, 49, 319, 72] Score: 0.1147 
Frame77 [291, 50, 333, 177] Score: 0.9958  [8, 56, 79, 328] Score: 0.7107  [174, 62, 277, 201] Score: 0.3497 
Frame78 [290, 51, 330, 179] Score: 0.9955  [9, 69, 78, 384] Score: 0.7364  [179, 65, 279, 197] Score: 0.5007  [300, 51, 331, 73] Score: 0.1067 
Frame79 [288, 53, 330, 182] Score: 0.9926  [7, 29, 69, 379] Score: 0.6973  [206, 66, 281, 209] Score: 0.5131 
Frame80 [286, 52, 331, 180] Score: 0.9914  [187, 67, 278, 202] Score: 0.6731  [2, 44, 62, 405] Score: 0.6629 
Frame81 [288, 51, 322, 177] Score: 0.9935  [236, 70, 282, 217] Score: 0.7496  [3, 22, 58, 389] Score: 0.3369  [170, 65, 252, 198] Score: 0.1651 
Frame82 [285, 51, 325, 176] Score: 0.9905  [241, 63, 282, 219] Score: 0.7841  [3, 16, 56, 405] Score: 0.5768  [165, 65, 254, 205] Score: 0.3327  [1, 234, 31, 401] Score: 0.1376  [226, 76, 242, 110] Score: 0.1027 
Frame83 [284, 52, 327, 175] Score: 0.9764  [2, 8, 54, 403] Score: 0.7424  [169, 65, 272, 201] Score: 0.5484  [1, 71, 46, 188] Score: 0.1806  [1, 238, 30, 398] Score: 0.1016 
Frame84 [284, 51, 322, 173] Score: 0.9906  [1, 16, 44, 410] Score: 0.7669  [165, 67, 251, 201] Score: 0.1574  [1, 100, 33, 184] Score: 0.1321  [308, 54, 330, 74] Score: 0.1231 
Frame85 [286, 49, 323, 174] Score: 0.9946  [2, 29, 47, 407] Score: 0.7676  [169, 64, 268, 208] Score: 0.1541 
Frame86 [286, 48, 323, 173] Score: 0.9966  [1, 23, 43, 427] Score: 0.6876  [33, 71, 50, 112] Score: 0.1876 
Frame87 [283, 48, 326, 174] Score: 0.9964  [1, 22, 41, 431] Score: 0.6958  [6, 27, 48, 162] Score: 0.2626  [34, 73, 50, 108] Score: 0.2027  [174, 68, 273, 204] Score: 0.1980  [27, 84, 34, 106] Score: 0.1017 
Frame88 [281, 49, 326, 176] Score: 0.9964  [1, 124, 33, 423] Score: 0.7914  [196, 63, 273, 213] Score: 0.4151  [26, 74, 50, 105] Score: 0.3726  [284, 51, 317, 90] Score: 0.1635  [312, 57, 328, 158] Score: 0.1299  [6, 30, 54, 135] Score: 0.1170 
Frame89 [281, 48, 324, 175] Score: 0.9952  [2, 123, 32, 446] Score: 0.6083 
Frame90 [280, 52, 321, 179] Score: 0.9810  [1, 159, 41, 372] Score: 0.3854  [176, 69, 268, 203] Score: 0.1783 
Frame91 [273, 50, 321, 174] Score: 0.9626  [0, 169, 14, 226] Score: 0.3160  [4, 12, 46, 151] Score: 0.1094 
Frame92 [274, 53, 319, 180] Score: 0.9878 
Frame93 [271, 55, 317, 185] Score: 0.7152  [2, 55, 25, 162] Score: 0.1108  [177, 56, 291, 220] Score: 0.1006 
Frame94 [272, 55, 317, 187] Score: 0.9573  [1, 280, 24, 317] Score: 0.2353  [1, 294, 12, 312] Score: 0.1105 
Frame95 [269, 51, 315, 180] Score: 0.9457  [0, 280, 17, 313] Score: 0.1556  [218, 66, 285, 217] Score: 0.1512 
Frame96 [269, 56, 313, 182] Score: 0.8650  [202, 68, 263, 231] Score: 0.2618  [169, 56, 215, 207] Score: 0.1208 
Frame97 [264, 53, 312, 181] Score: 0.9594  [152, 75, 265, 220] Score: 0.3100  [267, 55, 302, 98] Score: 0.1003 
Frame98 [262, 52, 309, 182] Score: 0.9892  [195, 68, 255, 231] Score: 0.2120 
Frame99 [259, 54, 306, 182] Score: 0.9881  [197, 69, 252, 225] Score: 0.2465  [315, 51, 332, 165] Score: 0.1058 
Frame100 [262, 55, 303, 185] Score: 0.9909  [206, 68, 259, 229] Score: 0.1264 
Frame101 [263, 55, 303, 187] Score: 0.9818 
Frame102 [259, 54, 302, 185] Score: 0.9888  [163, 67, 193, 213] Score: 0.1501  [147, 70, 254, 233] Score: 0.1108 
Frame103 [257, 54, 301, 180] Score: 0.9852  [309, 58, 331, 178] Score: 0.2014 
Frame104 [253, 52, 300, 182] Score: 0.9232  [308, 39, 332, 181] Score: 0.3056  [148, 70, 255, 228] Score: 0.2176 
Frame105 [252, 52, 307, 184] Score: 0.8623  [307, 55, 331, 190] Score: 0.3953  [175, 69, 254, 216] Score: 0.3501 
Frame106 [251, 51, 297, 180] Score: 0.9135  [157, 71, 199, 214] Score: 0.3535  [183, 68, 245, 220] Score: 0.1411 
Frame107 [251, 55, 294, 182] Score: 0.9831  [300, 58, 331, 186] Score: 0.9424  [149, 71, 249, 217] Score: 0.1129 
Frame108 [249, 58, 294, 184] Score: 0.9839  [293, 45, 331, 187] Score: 0.9066  [148, 73, 247, 210] Score: 0.1671 
Frame109 [260, 60, 330, 183] Score: 0.9279  [157, 59, 242, 215] Score: 0.1883 
Frame110 [246, 48, 293, 188] Score: 0.9744  [292, 49, 332, 189] Score: 0.7361  [153, 63, 238, 230] Score: 0.3376 
Frame111 [247, 49, 298, 189] Score: 0.9024  [294, 45, 332, 186] Score: 0.7176  [137, 67, 188, 188] Score: 0.1219 
Frame112 [245, 48, 299, 186] Score: 0.9454  [274, 49, 331, 188] Score: 0.7422  [151, 68, 235, 235] Score: 0.2969  [138, 71, 186, 191] Score: 0.2937 
Frame113 [250, 49, 297, 191] Score: 0.9639  [287, 44, 331, 192] Score: 0.4259  [152, 68, 235, 237] Score: 0.3809  [146, 75, 168, 105] Score: 0.1973  [144, 75, 179, 165] Score: 0.1046 
Frame114 [251, 46, 332, 189] Score: 0.9316  [145, 72, 174, 207] Score: 0.4183  [149, 65, 232, 242] Score: 0.3671 
Frame115 [248, 47, 331, 189] Score: 0.9498  [116, 66, 231, 235] Score: 0.3307  [142, 71, 175, 193] Score: 0.1920 
Frame116 [247, 47, 330, 192] Score: 0.9676  [132, 75, 166, 205] Score: 0.8116  [118, 74, 228, 226] Score: 0.4566 
Frame117 [246, 45, 327, 193] Score: 0.9746  [245, 55, 281, 149] Score: 0.5061  [139, 67, 171, 217] Score: 0.4387  [133, 69, 229, 243] Score: 0.3213  [131, 76, 161, 116] Score: 0.2746  [285, 61, 304, 158] Score: 0.1198 
Frame118 [246, 48, 324, 191] Score: 0.9823  [126, 69, 167, 207] Score: 0.7142  [133, 74, 230, 229] Score: 0.5485  [284, 67, 302, 159] Score: 0.1416 
Frame119 [245, 52, 319, 193] Score: 0.9901  [124, 77, 163, 208] Score: 0.7124  [147, 78, 230, 232] Score: 0.5236  [268, 62, 287, 88] Score: 0.1911  [176, 89, 185, 102] Score: 0.1617  [143, 76, 160, 103] Score: 0.1382  [164, 82, 181, 135] Score: 0.1074 
Frame120 [270, 55, 316, 192] Score: 0.9832  [242, 49, 281, 193] Score: 0.9685  [124, 77, 190, 217] Score: 0.9241  [171, 81, 236, 231] Score: 0.5293  [264, 58, 283, 114] Score: 0.2067  [172, 92, 184, 104] Score: 0.1936  [269, 68, 285, 86] Score: 0.1836  [160, 76, 175, 86] Score: 0.1754  [168, 82, 180, 96] Score: 0.1754  [157, 82, 172, 107] Score: 0.1588  [142, 77, 158, 104] Score: 0.1314  [159, 72, 191, 93] Score: 0.1281  [261, 65, 266, 81] Score: 0.1046 
Frame121 [242, 55, 311, 194] Score: 0.9902  [130, 72, 223, 216] Score: 0.5576  [265, 62, 284, 88] Score: 0.1184  [156, 90, 168, 108] Score: 0.1068 
Frame122 [240, 55, 316, 197] Score: 0.9765  [138, 79, 223, 226] Score: 0.8326  [116, 73, 161, 206] Score: 0.5739  [250, 60, 265, 84] Score: 0.2618  [263, 64, 283, 88] Score: 0.2451  [170, 91, 180, 104] Score: 0.2112  [153, 82, 172, 106] Score: 0.1420  [158, 76, 170, 92] Score: 0.1125  [138, 77, 157, 110] Score: 0.1003 
Frame123 [238, 58, 313, 193] Score: 0.9887  [132, 75, 223, 221] Score: 0.7083  [260, 65, 282, 89] Score: 0.2477  [135, 76, 174, 122] Score: 0.1983  [248, 61, 263, 80] Score: 0.1832  [158, 78, 172, 98] Score: 0.1741  [173, 91, 179, 103] Score: 0.1567  [166, 71, 184, 93] Score: 0.1398 
Frame124 [272, 56, 306, 192] Score: 0.9756  [237, 62, 277, 145] Score: 0.6013  [128, 76, 181, 211] Score: 0.5117  [160, 79, 228, 226] Score: 0.3174  [154, 90, 165, 102] Score: 0.2897  [195, 66, 287, 214] Score: 0.2416  [135, 77, 165, 109] Score: 0.2027  [258, 63, 279, 90] Score: 0.1795 
Frame125 [238, 61, 307, 193] Score: 0.9896  [109, 70, 229, 226] Score: 0.7279  [267, 65, 298, 151] Score: 0.6260  [157, 90, 175, 102] Score: 0.3036  [131, 76, 177, 169] Score: 0.2666  [274, 64, 293, 91] Score: 0.2136  [257, 66, 278, 91] Score: 0.1805  [162, 73, 179, 93] Score: 0.1769  [139, 78, 163, 109] Score: 0.1660 
Frame126 [274, 62, 308, 191] Score: 0.9937  [135, 76, 191, 227] Score: 0.8473  [166, 81, 225, 233] Score: 0.4921  [107, 75, 149, 197] Score: 0.3400  [230, 64, 274, 169] Score: 0.2962  [153, 87, 165, 107] Score: 0.2475 
Frame127 [263, 63, 310, 190] Score: 0.9922  [107, 69, 231, 230] Score: 0.8087  [179, 69, 281, 213] Score: 0.5171  [227, 62, 273, 146] Score: 0.5119  [272, 65, 290, 83] Score: 0.2395  [100, 78, 144, 161] Score: 0.1755  [132, 84, 174, 107] Score: 0.1686  [135, 84, 143, 108] Score: 0.1364  [255, 69, 277, 91] Score: 0.1048 
Frame128 [267, 66, 307, 205] Score: 0.9888  [225, 62, 274, 192] Score: 0.9447  [109, 71, 230, 231] Score: 0.6139  [252, 69, 275, 94] Score: 0.1531  [117, 78, 163, 193] Score: 0.1296  [296, 123, 324, 194] Score: 0.1207  [137, 85, 142, 104] Score: 0.1040 
Frame129 [234, 66, 300, 196] Score: 0.9608  [96, 79, 142, 190] Score: 0.8980  [122, 75, 239, 225] Score: 0.8503  [97, 79, 124, 133] Score: 0.5568  [127, 89, 134, 115] Score: 0.2010 
Frame130 [95, 80, 139, 202] Score: 0.9739  [229, 65, 299, 197] Score: 0.9574  [129, 79, 167, 208] Score: 0.9346  [113, 81, 229, 231] Score: 0.7437  [268, 70, 302, 156] Score: 0.2885  [98, 81, 119, 135] Score: 0.2837  [137, 82, 152, 105] Score: 0.2715  [149, 87, 158, 102] Score: 0.1890  [147, 81, 167, 109] Score: 0.1826  [137, 86, 141, 106] Score: 0.1221  [112, 82, 133, 112] Score: 0.1088 
Frame131 [226, 67, 303, 199] Score: 0.9718  [93, 81, 136, 205] Score: 0.9533  [130, 73, 164, 224] Score: 0.6200  [146, 81, 238, 225] Score: 0.5990  [96, 82, 118, 130] Score: 0.3199  [134, 85, 141, 96] Score: 0.2411  [137, 81, 164, 107] Score: 0.1320  [269, 66, 286, 78] Score: 0.1109  [262, 70, 289, 150] Score: 0.1106 
Frame132 [217, 66, 300, 198] Score: 0.9837  [92, 82, 134, 195] Score: 0.9591  [114, 80, 166, 203] Score: 0.8446  [148, 72, 253, 220] Score: 0.6375  [96, 90, 116, 138] Score: 0.5210  [98, 82, 116, 104] Score: 0.1793  [266, 66, 286, 96] Score: 0.1668  [232, 64, 246, 80] Score: 0.1048  [219, 71, 264, 137] Score: 0.1009 
Frame133 [126, 85, 174, 228] Score: 0.9845  [217, 66, 299, 200] Score: 0.9665  [87, 84, 125, 172] Score: 0.6645  [177, 83, 252, 229] Score: 0.5440  [133, 88, 140, 93] Score: 0.2283  [265, 67, 285, 96] Score: 0.1866  [312, 81, 332, 212] Score: 0.1145 
Frame134 [217, 67, 297, 203] Score: 0.9798  [121, 84, 178, 218] Score: 0.8929  [88, 85, 130, 205] Score: 0.8015  [185, 83, 229, 231] Score: 0.5873  [306, 78, 329, 212] Score: 0.4318  [129, 93, 138, 103] Score: 0.2652  [263, 67, 283, 114] Score: 0.2595  [134, 84, 157, 104] Score: 0.2315  [259, 110, 294, 201] Score: 0.1923 
Frame135 [222, 67, 298, 201] Score: 0.9352  [122, 73, 175, 226] Score: 0.8542  [92, 85, 129, 206] Score: 0.8350  [175, 79, 232, 237] Score: 0.4789  [131, 82, 154, 106] Score: 0.4245  [129, 83, 138, 105] Score: 0.2511  [212, 67, 258, 141] Score: 0.2487  [104, 78, 129, 108] Score: 0.1372  [262, 75, 282, 107] Score: 0.1020 
Frame136 [221, 66, 295, 198] Score: 0.9201  [87, 84, 127, 204] Score: 0.9072  [112, 80, 180, 220] Score: 0.8780  [181, 91, 225, 237] Score: 0.8070  [126, 81, 136, 106] Score: 0.5028  [134, 81, 148, 102] Score: 0.5028  [262, 68, 280, 121] Score: 0.3413  [210, 72, 257, 143] Score: 0.1553  [252, 81, 264, 107] Score: 0.1129 
Frame137 [214, 66, 296, 199] Score: 0.9311  [179, 73, 233, 236] Score: 0.8351  [84, 83, 123, 206] Score: 0.8040  [259, 67, 281, 116] Score: 0.3947  [110, 73, 173, 234] Score: 0.3333  [210, 75, 254, 122] Score: 0.1676  [296, 73, 330, 220] Score: 0.1119 
Frame138 [180, 67, 250, 233] Score: 0.9792  [239, 69, 294, 203] Score: 0.9586  [80, 82, 127, 208] Score: 0.4843  [106, 74, 172, 234] Score: 0.4758  [297, 83, 331, 222] Score: 0.4575  [258, 67, 281, 118] Score: 0.2546  [262, 77, 276, 94] Score: 0.1764  [212, 74, 253, 149] Score: 0.1489  [2, 44, 26, 152] Score: 0.1252 
Frame139 [174, 60, 250, 233] Score: 0.9374  [216, 66, 287, 202] Score: 0.8905  [80, 82, 119, 208] Score: 0.4916  [292, 85, 329, 224] Score: 0.4127  [121, 77, 170, 238] Score: 0.2213  [181, 89, 199, 118] Score: 0.1625  [118, 82, 127, 100] Score: 0.1623  [262, 79, 276, 96] Score: 0.1588  [124, 87, 141, 108] Score: 0.1256  [221, 65, 235, 80] Score: 0.1070 
Frame140 [179, 69, 245, 228] Score: 0.9842  [300, 87, 330, 230] Score: 0.8757  [255, 70, 276, 144] Score: 0.8359  [242, 70, 284, 199] Score: 0.6020  [74, 80, 129, 210] Score: 0.5138  [116, 76, 141, 105] Score: 0.2075  [116, 77, 125, 96] Score: 0.1661  [208, 64, 240, 147] Score: 0.1608  [121, 76, 130, 84] Score: 0.1246 
Frame141 [177, 69, 257, 228] Score: 0.9890  [286, 87, 325, 221] Score: 0.9351  [99, 76, 173, 235] Score: 0.4620  [256, 76, 273, 143] Score: 0.4296  [227, 74, 308, 216] Score: 0.3881  [207, 71, 251, 141] Score: 0.3373  [75, 84, 119, 220] Score: 0.1653  [113, 75, 134, 97] Score: 0.1069 
Frame142 [171, 68, 235, 234] Score: 0.9739  [241, 71, 287, 197] Score: 0.8575  [283, 83, 328, 229] Score: 0.6331  [203, 71, 247, 145] Score: 0.4105  [252, 76, 272, 149] Score: 0.1845  [110, 75, 121, 98] Score: 0.1730  [256, 78, 272, 102] Score: 0.1291  [56, 83, 111, 208] Score: 0.1150 
Frame143 [172, 71, 246, 230] Score: 0.9843  [250, 70, 285, 200] Score: 0.9109  [202, 67, 246, 139] Score: 0.4098  [275, 73, 325, 225] Score: 0.2855 
Frame144 [157, 78, 239, 236] Score: 0.9784  [247, 72, 282, 202] Score: 0.9703  [258, 83, 321, 225] Score: 0.6160  [199, 75, 244, 146] Score: 0.4797  [72, 84, 124, 209] Score: 0.3701  [98, 77, 162, 227] Score: 0.1420  [225, 71, 248, 85] Score: 0.1071 
Frame145 [163, 73, 236, 235] Score: 0.9747  [247, 73, 279, 205] Score: 0.9705  [69, 86, 109, 205] Score: 0.6405  [271, 78, 317, 227] Score: 0.5495  [198, 71, 243, 147] Score: 0.3807  [70, 81, 205, 235] Score: 0.1778  [114, 81, 131, 106] Score: 0.1123 
Frame146 [166, 77, 242, 234] Score: 0.9882  [65, 89, 104, 214] Score: 0.9365  [256, 74, 310, 226] Score: 0.8975  [209, 75, 274, 210] Score: 0.7115  [246, 78, 275, 147] Score: 0.6425  [103, 84, 132, 160] Score: 0.4333  [111, 90, 130, 108] Score: 0.3591  [50, 93, 90, 159] Score: 0.3021  [99, 80, 113, 98] Score: 0.1920  [208, 69, 241, 117] Score: 0.1688  [65, 82, 81, 103] Score: 0.1324  [112, 81, 116, 94] Score: 0.1210 
Frame147 [149, 85, 217, 232] Score: 0.9796  [195, 71, 246, 208] Score: 0.9565  [246, 66, 272, 210] Score: 0.8893  [255, 74, 308, 225] Score: 0.7204  [104, 85, 148, 236] Score: 0.6459  [64, 85, 120, 228] Score: 0.6358  [109, 81, 131, 110] Score: 0.3084  [221, 74, 247, 112] Score: 0.1540 
Frame148 [152, 76, 237, 229] Score: 0.9763  [251, 75, 309, 214] Score: 0.8585  [222, 69, 269, 212] Score: 0.5211  [247, 81, 261, 99] Score: 0.2236  [237, 80, 246, 110] Score: 0.1813  [222, 75, 245, 112] Score: 0.1641  [195, 75, 242, 157] Score: 0.1453  [54, 82, 100, 217] Score: 0.1069 
Frame149 [162, 76, 245, 211] Score: 0.9621  [241, 67, 272, 214] Score: 0.9367  [122, 83, 146, 238] Score: 0.4863  [53, 82, 94, 218] Score: 0.3971  [101, 70, 128, 217] Score: 0.3249  [162, 96, 197, 189] Score: 0.3192  [264, 92, 309, 226] Score: 0.2252  [236, 80, 245, 109] Score: 0.1928  [195, 73, 225, 149] Score: 0.1526  [13, 77, 71, 219] Score: 0.1024 
Frame150 [241, 74, 303, 219] Score: 0.9800  [157, 74, 238, 230] Score: 0.9676  [216, 69, 264, 214] Score: 0.4691  [98, 81, 129, 211] Score: 0.3157  [59, 81, 90, 213] Score: 0.2571  [160, 98, 199, 191] Score: 0.2417  [226, 80, 244, 91] Score: 0.1712  [241, 71, 250, 95] Score: 0.1174  [45, 80, 60, 129] Score: 0.1052  [190, 78, 236, 131] Score: 0.1037 
Frame151 [243, 75, 300, 231] Score: 0.9848  [156, 76, 236, 232] Score: 0.9477  [91, 84, 130, 213] Score: 0.7459  [48, 88, 87, 170] Score: 0.5175  [102, 85, 108, 103] Score: 0.3945  [47, 86, 56, 113] Score: 0.3494  [107, 83, 125, 109] Score: 0.3365  [78, 95, 96, 117] Score: 0.3074  [191, 74, 223, 147] Score: 0.2790  [88, 96, 109, 122] Score: 0.2675  [53, 104, 62, 135] Score: 0.2570  [49, 80, 66, 103] Score: 0.1960  [82, 82, 109, 102] Score: 0.1798  [35, 81, 119, 209] Score: 0.1628  [130, 93, 146, 116] Score: 0.1229  [123, 87, 131, 96] Score: 0.1209 
Frame152 [239, 75, 296, 233] Score: 0.9913  [156, 75, 237, 221] Score: 0.9492  [99, 85, 126, 216] Score: 0.7084  [98, 91, 108, 102] Score: 0.4970  [96, 93, 99, 100] Score: 0.4970  [91, 95, 105, 133] Score: 0.4416  [104, 91, 125, 109] Score: 0.4269  [55, 94, 92, 149] Score: 0.4061  [76, 97, 91, 116] Score: 0.3759  [187, 74, 236, 130] Score: 0.2266  [229, 81, 240, 104] Score: 0.1978  [42, 82, 87, 227] Score: 0.1912  [65, 85, 81, 101] Score: 0.1795  [78, 82, 100, 101] Score: 0.1723  [177, 90, 191, 113] Score: 0.1130  [127, 91, 146, 124] Score: 0.1012 
Frame153 [243, 77, 294, 236] Score: 0.9849  [149, 82, 217, 236] Score: 0.9540  [225, 69, 265, 219] Score: 0.9161  [186, 72, 239, 210] Score: 0.8626  [97, 86, 129, 217] Score: 0.7660  [100, 83, 125, 113] Score: 0.6306  [119, 90, 129, 111] Score: 0.5744  [74, 84, 108, 142] Score: 0.5335  [94, 88, 105, 103] Score: 0.4457  [45, 81, 67, 217] Score: 0.4419  [70, 91, 88, 118] Score: 0.3823  [95, 102, 108, 123] Score: 0.3372  [226, 82, 239, 101] Score: 0.3028  [118, 80, 131, 96] Score: 0.2537  [74, 82, 97, 102] Score: 0.1907  [10, 83, 56, 217] Score: 0.1229  [55, 80, 102, 222] Score: 0.1226  [120, 82, 171, 230] Score: 0.1151 
Frame154 [228, 67, 294, 227] Score: 0.9845  [98, 83, 125, 173] Score: 0.9068  [160, 77, 231, 214] Score: 0.9050  [103, 84, 125, 115] Score: 0.6366  [102, 90, 160, 240] Score: 0.5642  [61, 92, 121, 229] Score: 0.4710  [85, 95, 104, 153] Score: 0.3931  [39, 77, 78, 218] Score: 0.2770  [186, 76, 218, 146] Score: 0.2199  [115, 98, 125, 115] Score: 0.2128  [70, 94, 85, 114] Score: 0.1799  [123, 93, 126, 110] Score: 0.1600  [127, 102, 131, 110] Score: 0.1600  [205, 71, 234, 177] Score: 0.1263  [10, 72, 57, 214] Score: 0.1063 
Frame155 [227, 67, 293, 236] Score: 0.9673  [91, 90, 122, 233] Score: 0.9042  [162, 77, 228, 212] Score: 0.8281  [103, 84, 120, 110] Score: 0.6395  [68, 79, 104, 169] Score: 0.6241  [44, 82, 95, 231] Score: 0.5302  [69, 94, 81, 125] Score: 0.4485  [228, 80, 264, 168] Score: 0.4475  [23, 75, 55, 160] Score: 0.4407  [67, 80, 89, 101] Score: 0.4016  [236, 82, 250, 101] Score: 0.2818  [102, 82, 157, 244] Score: 0.2718  [1, 67, 25, 155] Score: 0.2541  [223, 82, 235, 101] Score: 0.2502  [42, 90, 73, 167] Score: 0.2176  [183, 76, 231, 130] Score: 0.2120  [37, 84, 40, 99] Score: 0.1521  [119, 95, 130, 113] Score: 0.1275  [41, 99, 55, 118] Score: 0.1151 
Frame156 [160, 79, 230, 213] Score: 0.9238  [205, 76, 289, 229] Score: 0.9012  [95, 85, 130, 176] Score: 0.8987  [43, 84, 115, 226] Score: 0.8386  [101, 85, 118, 110] Score: 0.5362  [64, 80, 87, 128] Score: 0.4647  [87, 82, 170, 241] Score: 0.4308  [77, 84, 87, 101] Score: 0.4134  [21, 73, 53, 137] Score: 0.3844  [186, 77, 215, 148] Score: 0.3416  [27, 85, 34, 93] Score: 0.3113  [22, 103, 35, 124] Score: 0.2797  [20, 84, 35, 114] Score: 0.2492  [208, 78, 230, 99] Score: 0.1757  [79, 93, 100, 150] Score: 0.1625  [66, 95, 79, 111] Score: 0.1520  [34, 83, 43, 115] Score: 0.1389  [79, 97, 87, 126] Score: 0.1143 
Frame157 [216, 68, 290, 255] Score: 0.9703  [37, 75, 130, 227] Score: 0.9588  [96, 81, 130, 180] Score: 0.9145  [157, 70, 228, 219] Score: 0.8874  [56, 81, 88, 211] Score: 0.8264  [101, 84, 109, 102] Score: 0.6483  [100, 83, 129, 113] Score: 0.6474  [62, 79, 81, 97] Score: 0.6141  [22, 101, 38, 135] Score: 0.4289  [34, 84, 73, 198] Score: 0.2928  [33, 87, 43, 97] Score: 0.2559  [76, 92, 103, 147] Score: 0.2165  [180, 77, 227, 130] Score: 0.2101  [19, 84, 36, 109] Score: 0.1952  [66, 101, 76, 119] Score: 0.1327  [208, 75, 232, 107] Score: 0.1019 
Frame158 [225, 79, 283, 237] Score: 0.9188  [19, 81, 139, 231] Score: 0.9173  [94, 82, 132, 177] Score: 0.9169  [155, 71, 227, 218] Score: 0.8344  [100, 84, 118, 97] Score: 0.5544  [34, 80, 78, 169] Score: 0.5313  [49, 82, 61, 99] Score: 0.5054  [58, 78, 79, 101] Score: 0.4599  [49, 72, 59, 84] Score: 0.4310  [21, 93, 38, 126] Score: 0.3397  [32, 78, 47, 99] Score: 0.3034  [230, 72, 240, 94] Score: 0.2097  [1, 69, 24, 154] Score: 0.1718  [105, 87, 152, 244] Score: 0.1705  [99, 94, 129, 114] Score: 0.1441  [28, 86, 31, 95] Score: 0.1259  [183, 76, 224, 149] Score: 0.1221  [222, 83, 232, 102] Score: 0.1077 
Frame159 [22, 82, 101, 232] Score: 0.9542  [96, 77, 134, 244] Score: 0.9197  [153, 71, 228, 215] Score: 0.8397  [204, 73, 281, 240] Score: 0.7706  [47, 79, 79, 102] Score: 0.6015  [47, 78, 59, 97] Score: 0.5245  [97, 84, 132, 117] Score: 0.4803  [22, 81, 59, 161] Score: 0.3651  [187, 80, 224, 145] Score: 0.2616  [39, 83, 48, 97] Score: 0.2470  [27, 79, 48, 101] Score: 0.2038  [3, 69, 31, 156] Score: 0.1643  [21, 82, 35, 132] Score: 0.1307 
Frame160 [88, 80, 130, 222] Score: 0.9613  [38, 83, 110, 234] Score: 0.9496  [209, 77, 289, 239] Score: 0.9332  [91, 80, 210, 245] Score: 0.7371  [18, 78, 34, 145] Score: 0.6869  [52, 81, 76, 165] Score: 0.6197  [152, 69, 228, 191] Score: 0.5968  [46, 80, 77, 102] Score: 0.5936  [12, 75, 66, 212] Score: 0.5399  [33, 89, 46, 98] Score: 0.4159  [28, 78, 52, 100] Score: 0.3273  [100, 93, 116, 103] Score: 0.3172  [58, 94, 68, 122] Score: 0.2522  [98, 84, 117, 118] Score: 0.2295  [3, 76, 28, 170] Score: 0.1116  [51, 72, 69, 79] Score: 0.1057  [190, 70, 204, 101] Score: 0.1003 
Frame161 [30, 82, 94, 222] Score: 0.9359  [206, 74, 285, 243] Score: 0.8550  [150, 75, 218, 231] Score: 0.8264  [93, 79, 153, 243] Score: 0.5810  [20, 76, 51, 127] Score: 0.5733  [172, 80, 220, 148] Score: 0.3145  [9, 68, 55, 216] Score: 0.3031  [70, 81, 116, 229] Score: 0.2654  [25, 77, 50, 86] Score: 0.2488  [43, 83, 50, 93] Score: 0.2407  [49, 80, 72, 103] Score: 0.2148  [98, 84, 117, 118] Score: 0.2062  [3, 68, 33, 157] Score: 0.1192  [0, 71, 10, 90] Score: 0.1082 
