Frame1 [9, 58, 75, 315] Score: 0.9814  [215, 77, 268, 218] Score: 0.8707  [269, 42, 318, 165] Score: 0.8585  [146, 98, 194, 227] Score: 0.8266  [274, 46, 298, 89] Score: 0.4931  [192, 81, 233, 215] Score: 0.2740  [414, 111, 427, 126] Score: 0.2218  [6, 10, 42, 139] Score: 0.1491  [274, 48, 281, 59] Score: 0.1290  [240, 85, 249, 107] Score: 0.1135  [232, 87, 255, 129] Score: 0.1040 
Frame2 [5, 90, 61, 322] Score: 0.9431  [262, 39, 310, 160] Score: 0.8791  [146, 98, 183, 227] Score: 0.8488  [211, 56, 279, 216] Score: 0.8223  [291, 43, 308, 116] Score: 0.6479  [298, 56, 331, 136] Score: 0.4745  [272, 47, 296, 91] Score: 0.4170  [291, 45, 301, 69] Score: 0.4014  [414, 112, 427, 126] Score: 0.1824  [230, 86, 247, 108] Score: 0.1407  [4, 67, 50, 124] Score: 0.1358  [186, 97, 216, 215] Score: 0.1352  [201, 82, 250, 158] Score: 0.1198  [313, 59, 320, 90] Score: 0.1014 
Frame3 [1, 115, 59, 291] Score: 0.9662  [252, 42, 316, 171] Score: 0.9643  [207, 78, 267, 220] Score: 0.8961  [288, 56, 327, 156] Score: 0.8345  [291, 44, 302, 89] Score: 0.4543  [272, 49, 282, 56] Score: 0.3247  [296, 46, 304, 57] Score: 0.3173  [273, 54, 294, 91] Score: 0.3133  [306, 57, 329, 104] Score: 0.2799  [143, 97, 192, 214] Score: 0.1630  [311, 66, 319, 90] Score: 0.1449  [265, 48, 276, 72] Score: 0.1313 
Frame4 [0, 105, 61, 309] Score: 0.9750  [201, 77, 268, 221] Score: 0.9330  [290, 52, 328, 155] Score: 0.9316  [246, 46, 318, 175] Score: 0.9301  [143, 100, 177, 231] Score: 0.7529  [260, 45, 293, 121] Score: 0.6859  [184, 83, 231, 199] Score: 0.5116  [295, 46, 304, 62] Score: 0.3024  [265, 48, 278, 64] Score: 0.1855  [277, 50, 292, 74] Score: 0.1617  [270, 51, 283, 81] Score: 0.1478  [405, 115, 422, 148] Score: 0.1415  [311, 54, 330, 106] Score: 0.1081 
Frame5 [202, 77, 270, 219] Score: 0.9557  [290, 43, 326, 154] Score: 0.9152  [251, 46, 312, 170] Score: 0.8973  [5, 40, 48, 386] Score: 0.7949  [187, 78, 225, 220] Score: 0.6679  [268, 47, 287, 90] Score: 0.5184  [296, 47, 302, 54] Score: 0.4055  [298, 52, 302, 54] Score: 0.4055  [277, 50, 292, 70] Score: 0.2926  [414, 111, 427, 130] Score: 0.2090  [301, 56, 318, 122] Score: 0.1967  [263, 48, 274, 79] Score: 0.1532  [139, 98, 175, 182] Score: 0.1330  [313, 61, 330, 107] Score: 0.1233  [312, 65, 318, 78] Score: 0.1177 
Frame6 [259, 46, 291, 116] Score: 0.9113  [291, 45, 326, 154] Score: 0.8475  [197, 76, 261, 231] Score: 0.8267  [300, 55, 314, 124] Score: 0.3847  [4, 125, 51, 286] Score: 0.3758  [293, 48, 303, 60] Score: 0.3680  [197, 81, 226, 175] Score: 0.3660  [263, 48, 278, 87] Score: 0.3044  [276, 65, 289, 88] Score: 0.2184  [308, 60, 317, 89] Score: 0.1471  [312, 63, 317, 72] Score: 0.1235  [130, 79, 188, 223] Score: 0.1057  [321, 59, 325, 61] Score: 0.1057  [237, 54, 315, 201] Score: 0.1035  [310, 57, 330, 108] Score: 0.1023 
Frame7 [262, 47, 322, 152] Score: 0.9358  [257, 47, 290, 116] Score: 0.8672  [288, 48, 309, 128] Score: 0.8093  [3, 121, 54, 320] Score: 0.6257  [191, 74, 267, 233] Score: 0.4938  [275, 50, 291, 90] Score: 0.4288  [293, 48, 303, 63] Score: 0.3482  [268, 47, 279, 78] Score: 0.2828  [303, 59, 317, 112] Score: 0.2568  [414, 112, 427, 130] Score: 0.1906  [312, 64, 317, 81] Score: 0.1697  [297, 88, 330, 148] Score: 0.1589  [305, 61, 311, 71] Score: 0.1352  [262, 48, 272, 77] Score: 0.1307  [310, 61, 331, 108] Score: 0.1135 
Frame8 [252, 45, 302, 167] Score: 0.9266  [287, 48, 307, 127] Score: 0.8708  [296, 47, 328, 160] Score: 0.8659  [191, 68, 261, 231] Score: 0.6662  [267, 50, 288, 88] Score: 0.5088  [294, 49, 302, 61] Score: 0.3543  [274, 50, 291, 65] Score: 0.3513  [261, 53, 272, 74] Score: 0.3137  [119, 68, 177, 237] Score: 0.2028  [263, 49, 273, 57] Score: 0.1706  [3, 87, 56, 398] Score: 0.1480  [0, 132, 32, 255] Score: 0.1374  [303, 59, 314, 107] Score: 0.1359  [2, 250, 47, 315] Score: 0.1166 
Frame9 [258, 46, 313, 159] Score: 0.9453  [296, 46, 330, 162] Score: 0.9079  [292, 48, 313, 109] Score: 0.6349  [198, 75, 257, 228] Score: 0.4836  [265, 49, 288, 90] Score: 0.4516  [292, 49, 307, 67] Score: 0.3279  [260, 54, 272, 79] Score: 0.2828  [1, 144, 24, 261] Score: 0.2224  [262, 48, 271, 65] Score: 0.2119  [309, 69, 315, 86] Score: 0.1765  [1, 136, 48, 386] Score: 0.1282 
Frame10 [262, 47, 324, 164] Score: 0.9374  [255, 50, 289, 122] Score: 0.8750  [286, 53, 304, 116] Score: 0.7879  [178, 74, 250, 231] Score: 0.6608  [293, 50, 301, 62] Score: 0.3486  [260, 48, 273, 76] Score: 0.2994  [1, 144, 56, 393] Score: 0.2943  [1, 158, 20, 232] Score: 0.2822  [301, 46, 323, 72] Score: 0.1737  [-0, 149, 8, 158] Score: 0.1065  [302, 58, 315, 109] Score: 0.1002 
Frame11 [262, 48, 317, 168] Score: 0.9019  [287, 56, 302, 121] Score: 0.7680  [257, 48, 288, 93] Score: 0.6949  [170, 70, 252, 234] Score: 0.6403  [303, 49, 328, 164] Score: 0.4491  [292, 51, 302, 56] Score: 0.4489  [257, 49, 269, 71] Score: 0.3499  [1, 152, 16, 237] Score: 0.2381  [301, 49, 322, 53] Score: 0.1483  [302, 59, 309, 109] Score: 0.1469 
Frame12 [255, 46, 291, 172] Score: 0.9615  [301, 48, 330, 164] Score: 0.8117  [0, 157, 14, 251] Score: 0.6374  [287, 47, 305, 158] Score: 0.5688  [292, 51, 301, 56] Score: 0.4656  [172, 75, 247, 235] Score: 0.4228  [263, 51, 286, 91] Score: 0.4185  [258, 54, 267, 72] Score: 0.3464  [301, 59, 312, 110] Score: 0.2483  [301, 50, 322, 70] Score: 0.1718  [256, 59, 268, 100] Score: 0.1666  [414, 111, 427, 131] Score: 0.1278  [315, 52, 331, 76] Score: 0.1152  [300, 60, 303, 64] Score: 0.1040 
Frame13 [253, 46, 292, 169] Score: 0.9315  [291, 46, 327, 167] Score: 0.8246  [258, 48, 287, 93] Score: 0.7063  [286, 47, 303, 161] Score: 0.5697  [167, 83, 244, 229] Score: 0.5386  [300, 52, 318, 116] Score: 0.4357  [263, 49, 270, 52] Score: 0.2608  [271, 65, 285, 90] Score: 0.2168  [113, 69, 171, 230] Score: 0.1833  [301, 52, 318, 69] Score: 0.1456  [280, 66, 285, 80] Score: 0.1212  [257, 61, 267, 76] Score: 0.1092 
Frame14 [253, 47, 289, 173] Score: 0.9223  [301, 46, 329, 166] Score: 0.8709  [287, 47, 312, 166] Score: 0.7603  [100, 81, 164, 243] Score: 0.7098  [260, 48, 286, 94] Score: 0.6650  [180, 75, 238, 231] Score: 0.5507  [310, 50, 346, 91] Score: 0.4575  [292, 51, 299, 63] Score: 0.4127  [299, 65, 308, 112] Score: 0.3603  [299, 51, 318, 69] Score: 0.2757  [256, 51, 266, 72] Score: 0.2516  [265, 49, 268, 52] Score: 0.2124 
Frame15 [252, 48, 288, 142] Score: 0.8931  [106, 81, 155, 234] Score: 0.8693  [300, 50, 329, 160] Score: 0.8359  [271, 48, 318, 169] Score: 0.7881  [283, 51, 303, 127] Score: 0.6128  [290, 52, 298, 56] Score: 0.4584  [260, 49, 284, 86] Score: 0.3304  [171, 68, 253, 230] Score: 0.3170  [298, 66, 306, 112] Score: 0.2831  [314, 52, 331, 78] Score: 0.2638  [326, 52, 332, 56] Score: 0.2102  [299, 66, 302, 68] Score: 0.1703  [309, 64, 313, 69] Score: 0.1249 
Frame16 [106, 88, 153, 237] Score: 0.9823  [253, 48, 293, 164] Score: 0.8893  [299, 50, 329, 171] Score: 0.8416  [285, 50, 311, 167] Score: 0.7929  [298, 52, 316, 112] Score: 0.5536  [122, 87, 215, 230] Score: 0.4255  [298, 51, 347, 89] Score: 0.3913  [286, 52, 289, 56] Score: 0.3340  [250, 56, 286, 96] Score: 0.3247  [313, 50, 332, 66] Score: 0.2819  [298, 52, 317, 69] Score: 0.2474  [255, 51, 265, 78] Score: 0.1711  [185, 76, 233, 233] Score: 0.1696  [299, 66, 307, 74] Score: 0.1560  [325, 51, 339, 63] Score: 0.1553  [308, 58, 321, 76] Score: 0.1091  [302, 68, 324, 86] Score: 0.1091 
Frame17 [95, 95, 148, 234] Score: 0.9754  [259, 50, 297, 170] Score: 0.8133  [298, 53, 329, 170] Score: 0.7896  [296, 53, 314, 116] Score: 0.5539  [250, 48, 286, 97] Score: 0.4811  [293, 57, 296, 63] Score: 0.4155  [124, 89, 224, 229] Score: 0.3651  [301, 52, 333, 79] Score: 0.3606  [287, 54, 296, 64] Score: 0.3601  [269, 54, 297, 71] Score: 0.2838  [295, 52, 315, 69] Score: 0.2576  [271, 67, 278, 72] Score: 0.2013  [298, 63, 312, 75] Score: 0.1675  [298, 65, 303, 73] Score: 0.1675  [109, 103, 134, 130] Score: 0.1239  [255, 66, 264, 76] Score: 0.1185  [268, 53, 273, 63] Score: 0.1020 
Frame18 [100, 94, 146, 244] Score: 0.9694  [255, 53, 293, 171] Score: 0.9684  [297, 54, 329, 167] Score: 0.8714  [281, 55, 295, 134] Score: 0.7086  [173, 79, 235, 232] Score: 0.4596  [295, 63, 304, 111] Score: 0.3444  [285, 52, 314, 69] Score: 0.3069  [277, 63, 285, 94] Score: 0.2874  [258, 51, 276, 82] Score: 0.2510  [267, 51, 286, 70] Score: 0.2395  [311, 52, 327, 71] Score: 0.2348  [299, 65, 304, 73] Score: 0.1937  [262, 51, 269, 52] Score: 0.1551  [305, 63, 323, 76] Score: 0.1273  [305, 69, 313, 71] Score: 0.1157  [289, 57, 532, 185] Score: 0.1022 
Frame19 [249, 49, 287, 172] Score: 0.9766  [89, 93, 141, 244] Score: 0.9716  [289, 49, 329, 174] Score: 0.8602  [284, 48, 300, 162] Score: 0.6806  [288, 52, 318, 92] Score: 0.4153  [288, 57, 298, 65] Score: 0.2740  [270, 51, 286, 103] Score: 0.2594  [283, 55, 290, 66] Score: 0.2591  [296, 94, 314, 164] Score: 0.2198  [254, 50, 276, 83] Score: 0.1985  [287, 51, 294, 56] Score: 0.1970  [288, 61, 290, 62] Score: 0.1928  [259, 51, 272, 65] Score: 0.1785  [158, 89, 251, 251] Score: 0.1599  [294, 61, 301, 124] Score: 0.1177  [310, 52, 323, 72] Score: 0.1109 
Frame20 [249, 50, 285, 170] Score: 0.9721  [93, 93, 136, 233] Score: 0.9321  [300, 50, 330, 175] Score: 0.8171  [278, 50, 311, 168] Score: 0.7447  [282, 63, 294, 130] Score: 0.4385  [271, 64, 285, 113] Score: 0.2691  [293, 62, 302, 116] Score: 0.2527  [284, 52, 297, 70] Score: 0.2413  [166, 82, 238, 246] Score: 0.2282  [302, 52, 322, 78] Score: 0.2189  [267, 52, 286, 69] Score: 0.1854  [291, 62, 297, 69] Score: 0.1740  [279, 70, 280, 72] Score: 0.1713  [253, 51, 275, 84] Score: 0.1602  [259, 51, 271, 65] Score: 0.1576  [322, 146, 331, 162] Score: 0.1022 
Frame21 [250, 48, 292, 172] Score: 0.9680  [93, 90, 140, 243] Score: 0.9498  [159, 86, 234, 239] Score: 0.8789  [278, 50, 304, 165] Score: 0.8266  [293, 51, 329, 171] Score: 0.6510  [253, 51, 286, 85] Score: 0.2413  [259, 51, 271, 66] Score: 0.1772  [292, 60, 317, 107] Score: 0.1614  [321, 154, 325, 160] Score: 0.1090  [277, 55, 293, 68] Score: 0.1019  [286, 64, 295, 69] Score: 0.1007 
Frame22 [95, 94, 137, 241] Score: 0.9261  [161, 75, 235, 242] Score: 0.8851  [245, 46, 286, 172] Score: 0.7468  [281, 49, 317, 167] Score: 0.6594  [255, 52, 273, 84] Score: 0.1126 
Frame23 [86, 94, 134, 247] Score: 0.9400  [247, 49, 295, 170] Score: 0.6227  [292, 54, 329, 170] Score: 0.5515  [155, 73, 245, 236] Score: 0.4791  [298, 68, 332, 89] Score: 0.1282 
Frame24 [86, 96, 134, 239] Score: 0.9815  [155, 82, 230, 241] Score: 0.8682  [242, 51, 300, 168] Score: 0.6146  [292, 55, 330, 174] Score: 0.3634  [488, 132, 500, 182] Score: 0.1023 
Frame25 [80, 98, 134, 238] Score: 0.9187  [152, 81, 221, 242] Score: 0.8983  [222, 49, 308, 177] Score: 0.8614  [283, 56, 329, 176] Score: 0.6539  [161, 94, 185, 227] Score: 0.2230  [299, 57, 509, 198] Score: 0.2011  [303, 59, 306, 66] Score: 0.1299  [306, 64, 312, 71] Score: 0.1299 
Frame26 [245, 52, 285, 176] Score: 0.9881  [82, 98, 130, 239] Score: 0.9215  [276, 58, 325, 177] Score: 0.5624  [155, 82, 220, 238] Score: 0.3720  [267, 55, 293, 139] Score: 0.2351  [305, 58, 310, 72] Score: 0.1760  [271, 62, 285, 78] Score: 0.1381  [297, 67, 327, 90] Score: 0.1271 
Frame27 [240, 51, 289, 174] Score: 0.9784  [69, 96, 131, 233] Score: 0.6942  [291, 57, 330, 183] Score: 0.6753  [268, 54, 302, 150] Score: 0.1966  [308, 114, 332, 179] Score: 0.1700  [151, 76, 219, 242] Score: 0.1392 
Frame28 [65, 98, 134, 239] Score: 0.9483  [247, 52, 283, 180] Score: 0.9314  [143, 86, 218, 254] Score: 0.1485  [324, 157, 331, 169] Score: 0.1352  [306, 61, 507, 202] Score: 0.1290  [279, 60, 326, 178] Score: 0.1139 
Frame29 [57, 99, 130, 240] Score: 0.9391  [246, 52, 293, 173] Score: 0.6567  [144, 80, 216, 252] Score: 0.2927  [148, 103, 157, 124] Score: 0.2036  [309, 132, 330, 179] Score: 0.1992  [291, 61, 329, 183] Score: 0.1236  [319, 167, 322, 172] Score: 0.1176  [157, 99, 168, 116] Score: 0.1086 
Frame30 [61, 98, 128, 234] Score: 0.9596  [247, 55, 292, 166] Score: 0.3919  [146, 81, 213, 252] Score: 0.2294  [291, 62, 329, 188] Score: 0.1446  [305, 61, 517, 199] Score: 0.1321  [326, 135, 332, 182] Score: 0.1103 
Frame31 [67, 100, 128, 240] Score: 0.9163  [139, 81, 213, 254] Score: 0.4865  [244, 54, 296, 181] Score: 0.3420  [292, 60, 328, 185] Score: 0.3094  [147, 92, 166, 122] Score: 0.1530  [301, 57, 509, 199] Score: 0.1105 
Frame32 [54, 99, 125, 234] Score: 0.9788  [249, 55, 291, 178] Score: 0.8035  [142, 82, 216, 254] Score: 0.5374 
Frame33 [54, 101, 119, 245] Score: 0.9790  [139, 66, 215, 257] Score: 0.3846  [290, 56, 329, 187] Score: 0.2211  [300, 57, 508, 187] Score: 0.1152 
Frame34 [50, 101, 117, 246] Score: 0.9422  [240, 54, 286, 181] Score: 0.8967  [138, 68, 210, 251] Score: 0.3495  [288, 54, 328, 187] Score: 0.3056 
Frame35 [36, 98, 111, 201] Score: 0.6974  [290, 58, 327, 187] Score: 0.5823  [244, 56, 296, 180] Score: 0.3961  [135, 71, 207, 251] Score: 0.2915 
Frame36 [125, 69, 216, 251] Score: 0.4691  [34, 104, 108, 201] Score: 0.4541  [236, 58, 295, 183] Score: 0.2728  [276, 62, 326, 187] Score: 0.1446 
Frame37 [246, 57, 279, 179] Score: 0.6294  [291, 63, 328, 188] Score: 0.4799  [128, 69, 204, 254] Score: 0.1964  [26, 38, 72, 159] Score: 0.1579  [40, 53, 103, 249] Score: 0.1448 
Frame38 [286, 60, 337, 187] Score: 0.4823  [239, 59, 285, 186] Score: 0.3461  [124, 80, 203, 258] Score: 0.2789  [305, 56, 514, 198] Score: 0.1950  [46, 63, 57, 94] Score: 0.1041  [31, 93, 95, 178] Score: 0.1004 
Frame39 [291, 58, 330, 186] Score: 0.7725  [36, 96, 94, 194] Score: 0.2997  [121, 78, 206, 255] Score: 0.2585  [240, 60, 290, 177] Score: 0.2072  [311, 58, 514, 190] Score: 0.1237 
Frame40 [288, 60, 329, 185] Score: 0.5632  [116, 74, 199, 253] Score: 0.3577  [242, 60, 282, 176] Score: 0.2474  [29, 113, 96, 202] Score: 0.2201  [275, 67, 291, 74] Score: 0.1216  [308, 57, 509, 190] Score: 0.1033 
Frame41 [239, 55, 276, 182] Score: 0.2846  [286, 60, 328, 185] Score: 0.2608  [47, 59, 62, 109] Score: 0.1996  [38, 88, 90, 191] Score: 0.1611  [304, 57, 514, 197] Score: 0.1493  [110, 63, 235, 259] Score: 0.1140 
Frame42 [234, 58, 273, 179] Score: 0.8011  [273, 51, 337, 192] Score: 0.4315  [32, 98, 103, 262] Score: 0.4125  [30, 109, 80, 175] Score: 0.3937  [261, 59, 282, 182] Score: 0.2737  [290, 48, 506, 190] Score: 0.2568  [49, 108, 58, 111] Score: 0.2072  [48, 103, 73, 117] Score: 0.1771  [114, 80, 185, 255] Score: 0.1509 
Frame43 [232, 59, 275, 177] Score: 0.8121  [28, 106, 94, 256] Score: 0.8012  [246, 61, 341, 182] Score: 0.4966 
Frame44 [272, 65, 331, 188] Score: 0.7577  [30, 92, 90, 259] Score: 0.7446  [242, 47, 273, 183] Score: 0.6371  [229, 59, 263, 123] Score: 0.3399  [261, 63, 267, 74] Score: 0.2395  [269, 58, 281, 75] Score: 0.2281  [279, 57, 299, 74] Score: 0.2046  [265, 63, 273, 78] Score: 0.2035  [235, 58, 259, 83] Score: 0.1983  [264, 56, 282, 185] Score: 0.1625  [269, 56, 298, 128] Score: 0.1427  [260, 58, 269, 63] Score: 0.1318 
Frame45 [24, 84, 91, 261] Score: 0.4967  [279, 56, 325, 197] Score: 0.4519  [233, 57, 280, 182] Score: 0.4044  [99, 90, 181, 262] Score: 0.1210 
Frame46 [237, 60, 274, 178] Score: 0.7804  [19, 91, 88, 263] Score: 0.2212  [274, 58, 334, 202] Score: 0.1443  [99, 84, 174, 256] Score: 0.1331 
Frame47 [22, 96, 72, 174] Score: 0.4317  [232, 60, 278, 179] Score: 0.1517  [17, 61, 79, 296] Score: 0.1427 
Frame48 [229, 38, 265, 185] Score: 0.3935  [20, 91, 73, 194] Score: 0.2465  [90, 91, 135, 252] Score: 0.1005 
Frame49 [87, 88, 136, 260] Score: 0.1642  [235, 50, 318, 194] Score: 0.1594  [13, 56, 76, 294] Score: 0.1375 
Frame50 [233, 49, 272, 187] Score: 0.5783  [270, 62, 319, 200] Score: 0.4564  [86, 84, 166, 262] Score: 0.1886  [15, 59, 65, 183] Score: 0.1222 
Frame51 [9, 99, 71, 266] Score: 0.3622  [243, 54, 321, 199] Score: 0.2806  [80, 90, 159, 259] Score: 0.1871 
Frame52 [78, 89, 124, 250] Score: 0.2651  [226, 51, 321, 197] Score: 0.2265  [10, 58, 73, 260] Score: 0.2099  [219, 49, 256, 171] Score: 0.1380 
Frame53 [216, 54, 316, 194] Score: 0.4744  [77, 88, 154, 260] Score: 0.1549 
Frame54 [74, 92, 153, 253] Score: 0.3449  [14, 48, 59, 195] Score: 0.1692  [207, 46, 319, 197] Score: 0.1320 
Frame55 [65, 102, 138, 250] Score: 0.6829  [225, 57, 311, 198] Score: 0.2864  [319, 153, 321, 158] Score: 0.2400  [4, 78, 66, 267] Score: 0.1630 
Frame56 [263, 71, 313, 205] Score: 0.5769  [61, 68, 143, 265] Score: 0.3347  [6, 46, 64, 263] Score: 0.1606  [224, 54, 288, 203] Score: 0.1352  [314, 157, 314, 158] Score: 0.1173  [26, 43, 58, 138] Score: 0.1064  [313, 96, 330, 170] Score: 0.1044 
Frame57 [221, 57, 308, 200] Score: 0.2967  [5, 67, 54, 308] Score: 0.2533  [59, 72, 144, 265] Score: 0.1921 
Frame58 [216, 57, 306, 197] Score: 0.5231  [2, 71, 49, 272] Score: 0.5161  [53, 69, 137, 269] Score: 0.2338  [281, 79, 322, 201] Score: 0.1188 
Frame59 [211, 58, 302, 200] Score: 0.4130  [21, 69, 132, 262] Score: 0.4005  [3, 113, 63, 265] Score: 0.2636 
Frame60 [4, 43, 61, 298] Score: 0.6828  [23, 81, 140, 272] Score: 0.5143  [193, 54, 307, 190] Score: 0.2126 
Frame61 [3, 49, 59, 261] Score: 0.5720  [193, 58, 311, 195] Score: 0.5524  [23, 69, 124, 267] Score: 0.4648  [314, 63, 337, 109] Score: 0.1030 
Frame62 [195, 59, 307, 196] Score: 0.8058  [2, 53, 50, 301] Score: 0.5160  [31, 81, 124, 269] Score: 0.3298  [313, 54, 334, 121] Score: 0.2446  [312, 83, 330, 172] Score: 0.1676  [324, 46, 332, 61] Score: 0.1583  [239, 57, 267, 198] Score: 0.1044 
Frame63 [2, 71, 36, 271] Score: 0.7204  [311, 51, 331, 177] Score: 0.6981  [15, 64, 122, 277] Score: 0.6289  [200, 60, 308, 200] Score: 0.5347 
Frame64 [1, 67, 34, 275] Score: 0.8443  [302, 53, 336, 172] Score: 0.8422  [198, 57, 311, 202] Score: 0.7672  [20, 59, 79, 253] Score: 0.5350  [309, 97, 333, 139] Score: 0.2421  [37, 78, 139, 296] Score: 0.2403  [261, 100, 309, 207] Score: 0.1345  [318, 55, 332, 68] Score: 0.1333  [304, 123, 314, 169] Score: 0.1127 
Frame65 [307, 46, 332, 167] Score: 0.9697  [255, 63, 302, 209] Score: 0.7832  [13, 69, 127, 277] Score: 0.7278  [1, 56, 41, 266] Score: 0.6955  [281, 71, 323, 176] Score: 0.3179  [208, 54, 272, 200] Score: 0.2809  [317, 47, 331, 70] Score: 0.2016 
Frame66 [303, 42, 338, 168] Score: 0.9769  [253, 58, 303, 204] Score: 0.8366  [13, 61, 125, 274] Score: 0.5067  [318, 46, 332, 58] Score: 0.2558  [259, 76, 270, 88] Score: 0.1462 
Frame67 [303, 39, 332, 167] Score: 0.9314  [12, 70, 120, 274] Score: 0.5816  [251, 59, 304, 212] Score: 0.4768  [317, 47, 331, 57] Score: 0.2784  [2, 94, 31, 271] Score: 0.1676  [311, 48, 343, 99] Score: 0.1105 
Frame68 [301, 40, 333, 166] Score: 0.9710  [195, 49, 309, 200] Score: 0.7324  [12, 57, 104, 273] Score: 0.4175  [309, 55, 347, 101] Score: 0.1032 
Frame69 [301, 45, 330, 166] Score: 0.8876  [240, 56, 297, 207] Score: 0.5702  [4, 68, 109, 292] Score: 0.5222  [307, 46, 340, 92] Score: 0.3918  [324, 46, 327, 47] Score: 0.3894  [323, 46, 332, 66] Score: 0.3547  [313, 47, 326, 58] Score: 0.2911  [333, 56, 339, 61] Score: 0.1818 
Frame70 [298, 43, 335, 167] Score: 0.9749  [196, 54, 307, 199] Score: 0.8740  [13, 64, 98, 302] Score: 0.2986  [322, 47, 332, 66] Score: 0.2172  [337, 56, 339, 60] Score: 0.1560 
Frame71 [296, 44, 332, 166] Score: 0.9802  [9, 75, 90, 307] Score: 0.8083  [190, 51, 294, 205] Score: 0.7799  [252, 48, 317, 181] Score: 0.4550  [322, 47, 332, 66] Score: 0.3382  [306, 48, 331, 83] Score: 0.1356 
Frame72 [299, 42, 333, 165] Score: 0.9863  [9, 68, 86, 360] Score: 0.9077  [237, 55, 293, 210] Score: 0.7611  [319, 45, 332, 68] Score: 0.1915  [336, 57, 339, 60] Score: 0.1912 
Frame73 [298, 43, 332, 165] Score: 0.9888  [8, 67, 83, 367] Score: 0.8197  [192, 59, 289, 201] Score: 0.6321  [319, 46, 332, 72] Score: 0.3357  [305, 49, 327, 72] Score: 0.3199 
Frame74 [296, 49, 331, 166] Score: 0.9922  [245, 55, 286, 213] Score: 0.8341  [6, 61, 86, 364] Score: 0.5605  [193, 61, 260, 208] Score: 0.4142  [317, 48, 332, 68] Score: 0.3260  [304, 48, 321, 73] Score: 0.1098 
Frame75 [294, 48, 331, 171] Score: 0.9944  [11, 74, 78, 379] Score: 0.7834  [218, 53, 286, 212] Score: 0.7724  [307, 49, 317, 55] Score: 0.3035  [319, 49, 332, 69] Score: 0.2094  [306, 49, 320, 74] Score: 0.1275 
Frame76 [293, 52, 328, 175] Score: 0.9888  [9, 60, 72, 323] Score: 0.8386  [184, 62, 282, 202] Score: 0.6056  [306, 49, 502, 189] Score: 0.1060 
Frame77 [291, 50, 335, 178] Score: 0.9958  [9, 32, 82, 385] Score: 0.7391  [188, 62, 292, 208] Score: 0.5126  [314, 51, 505, 192] Score: 0.1173  [20, 41, 48, 165] Score: 0.1141 
Frame78 [290, 51, 334, 180] Score: 0.9955  [5, 72, 70, 388] Score: 0.7663  [180, 65, 279, 197] Score: 0.5007  [298, 51, 326, 78] Score: 0.1877 
Frame79 [288, 53, 332, 183] Score: 0.9926  [4, 60, 62, 384] Score: 0.8310  [228, 66, 282, 214] Score: 0.7913  [186, 67, 258, 203] Score: 0.1898 
Frame80 [286, 52, 330, 181] Score: 0.9914  [4, 51, 65, 396] Score: 0.7840  [185, 68, 273, 205] Score: 0.7543  [246, 77, 288, 201] Score: 0.1494  [311, 45, 501, 223] Score: 0.1149 
Frame81 [287, 51, 329, 178] Score: 0.9935  [242, 70, 282, 218] Score: 0.8017  [2, 20, 56, 402] Score: 0.5488  [184, 64, 267, 206] Score: 0.4118  [220, 67, 253, 173] Score: 0.1342  [241, 83, 248, 89] Score: 0.1149 
Frame82 [285, 51, 326, 176] Score: 0.9905  [243, 71, 280, 215] Score: 0.7944  [3, 16, 56, 407] Score: 0.6739  [164, 65, 248, 200] Score: 0.3327  [1, 232, 30, 402] Score: 0.1305 
Frame83 [284, 50, 324, 175] Score: 0.9846  [3, 35, 52, 393] Score: 0.8356  [171, 66, 270, 203] Score: 0.6259  [241, 67, 278, 220] Score: 0.4107  [3, 70, 51, 138] Score: 0.2730 
Frame84 [284, 50, 322, 174] Score: 0.9906  [1, 24, 39, 404] Score: 0.7712  [185, 64, 289, 219] Score: 0.3764 
Frame85 [287, 49, 321, 174] Score: 0.9946  [2, 30, 47, 407] Score: 0.7676  [310, 61, 327, 178] Score: 0.3803  [184, 63, 293, 219] Score: 0.2323  [309, 47, 517, 187] Score: 0.2111  [35, 71, 51, 109] Score: 0.1275  [12, 282, 14, 287] Score: 0.1190 
Frame86 [286, 48, 327, 174] Score: 0.9966  [2, 23, 41, 439] Score: 0.7076  [179, 62, 276, 197] Score: 0.3724  [309, 69, 328, 150] Score: 0.2477  [26, 72, 51, 108] Score: 0.1876  [304, 48, 515, 186] Score: 0.1313  [296, 51, 311, 67] Score: 0.1049 
Frame87 [282, 48, 327, 175] Score: 0.9964  [2, 86, 50, 438] Score: 0.6650  [25, 71, 51, 110] Score: 0.2577  [190, 64, 274, 211] Score: 0.2352  [6, 31, 54, 135] Score: 0.1606  [25, 85, 34, 106] Score: 0.1017 
Frame88 [281, 49, 325, 177] Score: 0.9964  [1, 124, 46, 422] Score: 0.7914  [198, 67, 273, 216] Score: 0.4287  [26, 72, 51, 110] Score: 0.3704  [310, 63, 327, 179] Score: 0.2035 
Frame89 [280, 48, 324, 176] Score: 0.9952  [2, 137, 41, 433] Score: 0.5840  [185, 62, 290, 222] Score: 0.2254  [26, 71, 49, 110] Score: 0.1207 
Frame90 [280, 51, 321, 182] Score: 0.9810  [1, 152, 41, 440] Score: 0.5810  [184, 56, 283, 210] Score: 0.2021 
Frame91 [276, 50, 315, 173] Score: 0.9626  [0, 169, 14, 226] Score: 0.3160  [173, 68, 267, 214] Score: 0.1910 
Frame92 [274, 53, 316, 180] Score: 0.9878  [176, 65, 288, 218] Score: 0.3614  [2, 8, 27, 156] Score: 0.1765 
Frame93 [272, 52, 323, 180] Score: 0.7366  [2, 19, 28, 152] Score: 0.1595  [173, 64, 286, 219] Score: 0.1541 
Frame94 [269, 56, 317, 183] Score: 0.9573  [168, 59, 288, 211] Score: 0.2833  [1, 280, 25, 317] Score: 0.2353 
Frame95 [268, 57, 316, 182] Score: 0.9611  [179, 69, 283, 219] Score: 0.2639  [0, 279, 17, 314] Score: 0.1385 
Frame96 [265, 51, 314, 181] Score: 0.8935  [171, 65, 288, 226] Score: 0.4344  [172, 57, 204, 205] Score: 0.1208 
Frame97 [264, 55, 319, 185] Score: 0.9699  [176, 68, 286, 223] Score: 0.4123  [165, 62, 201, 215] Score: 0.3227  [267, 55, 303, 98] Score: 0.1003 
Frame98 [262, 52, 305, 184] Score: 0.9892  [174, 67, 285, 230] Score: 0.3207  [2, 17, 26, 151] Score: 0.1015 
Frame99 [259, 54, 302, 183] Score: 0.9881  [204, 69, 253, 222] Score: 0.2465  [315, 49, 331, 181] Score: 0.1165 
Frame100 [263, 55, 303, 186] Score: 0.9909  [175, 70, 285, 222] Score: 0.2469 
Frame101 [263, 54, 304, 189] Score: 0.9818  [2, 14, 26, 158] Score: 0.1307 
Frame102 [259, 53, 303, 186] Score: 0.9888  [164, 60, 266, 218] Score: 0.3663  [159, 68, 198, 212] Score: 0.2527 
Frame103 [257, 54, 301, 180] Score: 0.9852  [308, 57, 333, 179] Score: 0.2591 
Frame104 [253, 52, 300, 182] Score: 0.9232  [307, 54, 331, 179] Score: 0.5660  [161, 67, 195, 216] Score: 0.3516  [165, 60, 278, 219] Score: 0.2315 
Frame105 [252, 50, 299, 179] Score: 0.8225  [160, 70, 202, 215] Score: 0.4272  [306, 41, 331, 191] Score: 0.3953 
Frame106 [251, 51, 298, 180] Score: 0.9135  [166, 69, 252, 220] Score: 0.2380 
Frame107 [250, 54, 297, 181] Score: 0.9759  [299, 44, 331, 187] Score: 0.9424  [181, 65, 251, 222] Score: 0.1753 
Frame108 [249, 58, 296, 184] Score: 0.9839  [292, 45, 331, 188] Score: 0.9066  [155, 70, 290, 210] Score: 0.4434 
Frame109 [248, 59, 292, 187] Score: 0.9884  [282, 50, 330, 188] Score: 0.7242  [141, 67, 238, 212] Score: 0.3273 
Frame110 [244, 48, 302, 189] Score: 0.9744  [278, 49, 330, 188] Score: 0.8157  [149, 63, 243, 231] Score: 0.3376  [138, 68, 190, 188] Score: 0.1906 
Frame111 [241, 48, 295, 190] Score: 0.9700  [273, 51, 331, 187] Score: 0.7993  [138, 67, 186, 202] Score: 0.2617  [155, 61, 253, 214] Score: 0.2602 
Frame112 [244, 52, 331, 188] Score: 0.9403  [143, 71, 183, 208] Score: 0.4771  [167, 69, 234, 219] Score: 0.1737 
Frame113 [250, 49, 298, 191] Score: 0.9639  [160, 66, 243, 228] Score: 0.4508  [284, 44, 329, 193] Score: 0.4259  [141, 72, 188, 212] Score: 0.3937  [144, 74, 175, 126] Score: 0.2756  [152, 75, 166, 94] Score: 0.2065 
Frame114 [252, 46, 342, 189] Score: 0.9316  [149, 66, 235, 240] Score: 0.3359  [146, 72, 175, 209] Score: 0.2910 
Frame115 [247, 46, 288, 189] Score: 0.9562  [270, 47, 326, 193] Score: 0.7912  [135, 72, 181, 206] Score: 0.3935  [143, 61, 234, 238] Score: 0.2178 
Frame116 [246, 51, 329, 187] Score: 0.9728  [114, 74, 230, 226] Score: 0.4566  [140, 76, 151, 123] Score: 0.2152  [139, 74, 172, 129] Score: 0.1998  [144, 71, 151, 77] Score: 0.1587  [278, 67, 293, 85] Score: 0.1464 
Frame117 [246, 45, 322, 193] Score: 0.9746  [133, 72, 180, 209] Score: 0.8730  [135, 73, 161, 132] Score: 0.3283  [147, 68, 233, 245] Score: 0.2462  [137, 80, 145, 97] Score: 0.2167  [149, 74, 162, 92] Score: 0.1864 
Frame118 [249, 51, 333, 194] Score: 0.9862  [129, 72, 172, 208] Score: 0.7142  [181, 69, 238, 227] Score: 0.5565  [243, 56, 281, 150] Score: 0.4113  [287, 69, 294, 81] Score: 0.3617  [269, 61, 287, 82] Score: 0.2583  [254, 58, 280, 95] Score: 0.1177 
Frame119 [245, 52, 319, 194] Score: 0.9901  [136, 80, 191, 214] Score: 0.7364  [178, 82, 231, 231] Score: 0.5452  [123, 75, 156, 209] Score: 0.4268  [162, 89, 163, 90] Score: 0.1696  [145, 78, 163, 104] Score: 0.1382 
Frame120 [246, 54, 316, 192] Score: 0.9901  [126, 79, 188, 230] Score: 0.9373  [172, 87, 235, 227] Score: 0.5293  [282, 61, 299, 72] Score: 0.2572  [165, 82, 175, 92] Score: 0.1754  [254, 59, 268, 69] Score: 0.1651  [173, 92, 182, 104] Score: 0.1607  [151, 77, 159, 88] Score: 0.1564  [168, 89, 172, 94] Score: 0.1479  [170, 84, 170, 86] Score: 0.1479  [145, 77, 172, 108] Score: 0.1478  [158, 86, 170, 91] Score: 0.1471  [248, 57, 278, 96] Score: 0.1390  [164, 72, 191, 94] Score: 0.1281  [137, 80, 143, 92] Score: 0.1231  [180, 89, 194, 99] Score: 0.1080 
Frame121 [242, 54, 311, 194] Score: 0.9902  [122, 71, 192, 212] Score: 0.6070  [176, 85, 227, 227] Score: 0.4033  [279, 68, 302, 157] Score: 0.1785  [172, 87, 179, 105] Score: 0.1375  [279, 61, 298, 74] Score: 0.1315  [168, 83, 173, 92] Score: 0.1165  [156, 91, 171, 107] Score: 0.1068  [168, 83, 190, 105] Score: 0.1057 
Frame122 [239, 58, 314, 192] Score: 0.9831  [129, 79, 220, 225] Score: 0.8418  [119, 74, 161, 206] Score: 0.5739  [192, 77, 230, 227] Score: 0.4179  [257, 60, 263, 76] Score: 0.2618  [262, 58, 283, 92] Score: 0.2451  [170, 88, 179, 104] Score: 0.2112  [247, 60, 265, 85] Score: 0.2062  [3, 13, 31, 155] Score: 0.1470  [166, 81, 171, 93] Score: 0.1371  [180, 90, 187, 98] Score: 0.1167  [157, 77, 169, 87] Score: 0.1125  [142, 79, 155, 105] Score: 0.1003 
Frame123 [238, 58, 313, 197] Score: 0.9887  [123, 71, 221, 222] Score: 0.7083  [137, 79, 160, 124] Score: 0.2028  [248, 61, 264, 85] Score: 0.1832  [158, 88, 163, 91] Score: 0.1800  [195, 76, 230, 232] Score: 0.1799  [154, 76, 169, 109] Score: 0.1741  [166, 72, 185, 101] Score: 0.1609  [173, 89, 185, 100] Score: 0.1567  [157, 80, 163, 92] Score: 0.1319 
Frame124 [269, 59, 312, 190] Score: 0.9865  [234, 58, 276, 191] Score: 0.9589  [120, 78, 229, 223] Score: 0.5885  [166, 89, 182, 104] Score: 0.3519  [153, 72, 182, 105] Score: 0.3505  [154, 91, 165, 105] Score: 0.2897  [154, 80, 168, 93] Score: 0.2838  [165, 86, 171, 94] Score: 0.2768  [112, 77, 160, 199] Score: 0.2103  [135, 76, 167, 109] Score: 0.2027  [172, 97, 181, 109] Score: 0.1963  [155, 76, 165, 80] Score: 0.1432 
Frame125 [265, 59, 311, 194] Score: 0.9945  [235, 60, 278, 195] Score: 0.9388  [115, 80, 217, 218] Score: 0.8258  [154, 72, 179, 107] Score: 0.2901  [155, 83, 168, 94] Score: 0.2817  [165, 91, 176, 105] Score: 0.2463  [146, 91, 164, 114] Score: 0.2302  [239, 61, 269, 89] Score: 0.1760  [147, 77, 162, 88] Score: 0.1678  [207, 84, 230, 223] Score: 0.1144 
Frame126 [265, 62, 308, 192] Score: 0.9937  [230, 50, 276, 199] Score: 0.9344  [123, 79, 192, 224] Score: 0.8587  [168, 84, 219, 227] Score: 0.3911  [106, 74, 145, 198] Score: 0.3400  [274, 64, 291, 81] Score: 0.2551  [151, 85, 171, 108] Score: 0.2475  [155, 84, 162, 93] Score: 0.2068  [170, 90, 176, 99] Score: 0.1601 
Frame127 [258, 62, 310, 193] Score: 0.9961  [230, 57, 274, 197] Score: 0.8410  [104, 75, 234, 228] Score: 0.7648  [150, 91, 163, 106] Score: 0.2558  [98, 75, 147, 187] Score: 0.2311  [131, 78, 176, 199] Score: 0.1718  [146, 87, 163, 94] Score: 0.1559  [218, 104, 228, 109] Score: 0.1539  [155, 84, 160, 87] Score: 0.1412  [135, 90, 139, 99] Score: 0.1364  [138, 92, 141, 101] Score: 0.1364  [137, 79, 175, 110] Score: 0.1287 
Frame128 [235, 64, 305, 200] Score: 0.9739  [104, 70, 229, 232] Score: 0.7238  [105, 78, 128, 133] Score: 0.4301  [96, 74, 147, 197] Score: 0.3520  [272, 65, 288, 78] Score: 0.2557  [132, 77, 175, 216] Score: 0.1690  [238, 64, 253, 74] Score: 0.1209  [137, 84, 141, 101] Score: 0.1040  [135, 91, 138, 98] Score: 0.1040 
Frame129 [266, 67, 304, 197] Score: 0.9944  [99, 79, 155, 212] Score: 0.9205  [167, 70, 278, 217] Score: 0.8221  [107, 81, 131, 161] Score: 0.7990  [127, 77, 203, 230] Score: 0.5344  [222, 64, 269, 151] Score: 0.3921  [292, 123, 318, 185] Score: 0.3293  [127, 91, 137, 127] Score: 0.1845  [132, 91, 135, 92] Score: 0.1834  [269, 65, 287, 77] Score: 0.1608  [208, 105, 224, 120] Score: 0.1467  [3, 17, 30, 152] Score: 0.1454  [140, 93, 144, 106] Score: 0.1378  [236, 64, 251, 76] Score: 0.1225  [133, 85, 141, 108] Score: 0.1071 
Frame130 [228, 66, 303, 197] Score: 0.9817  [94, 80, 133, 203] Score: 0.9739  [130, 82, 166, 213] Score: 0.9586  [107, 73, 229, 225] Score: 0.8201  [183, 68, 258, 220] Score: 0.5515  [146, 80, 169, 112] Score: 0.4110  [107, 87, 126, 139] Score: 0.3975  [136, 94, 137, 95] Score: 0.1588  [314, 130, 324, 165] Score: 0.1413  [135, 93, 138, 101] Score: 0.1221  [137, 84, 142, 107] Score: 0.1221  [317, 123, 322, 129] Score: 0.1153  [208, 105, 223, 131] Score: 0.1035 
Frame131 [226, 69, 303, 203] Score: 0.9718  [130, 81, 164, 215] Score: 0.9641  [92, 83, 135, 197] Score: 0.9272  [104, 83, 213, 225] Score: 0.7779  [164, 73, 268, 223] Score: 0.6843  [132, 81, 167, 107] Score: 0.1819  [131, 93, 138, 105] Score: 0.1429  [205, 107, 221, 121] Score: 0.1246  [206, 104, 212, 113] Score: 0.1246  [234, 64, 248, 77] Score: 0.1155  [2, 21, 24, 149] Score: 0.1120  [267, 66, 287, 78] Score: 0.1109 
Frame132 [218, 68, 300, 202] Score: 0.9837  [128, 76, 164, 222] Score: 0.9822  [92, 82, 134, 197] Score: 0.9591  [147, 72, 254, 221] Score: 0.6375  [99, 81, 116, 107] Score: 0.1793  [190, 103, 203, 117] Score: 0.1737  [266, 66, 287, 96] Score: 0.1668  [124, 107, 129, 118] Score: 0.1085  [232, 64, 247, 75] Score: 0.1048 
Frame133 [125, 83, 172, 216] Score: 0.9881  [217, 66, 299, 201] Score: 0.9665  [87, 81, 129, 173] Score: 0.7700  [168, 80, 228, 232] Score: 0.5978  [191, 89, 219, 128] Score: 0.2279  [96, 91, 120, 135] Score: 0.2036  [133, 85, 140, 106] Score: 0.1504  [189, 104, 202, 117] Score: 0.1487  [121, 83, 135, 210] Score: 0.1433  [265, 67, 283, 78] Score: 0.1188  [310, 81, 332, 215] Score: 0.1145  [272, 79, 320, 210] Score: 0.1065 
Frame134 [217, 67, 297, 204] Score: 0.9798  [133, 80, 162, 234] Score: 0.9520  [185, 73, 247, 228] Score: 0.8916  [97, 86, 128, 206] Score: 0.7005  [109, 87, 218, 234] Score: 0.4870  [303, 77, 328, 212] Score: 0.4318  [129, 93, 135, 105] Score: 0.2652  [132, 83, 155, 105] Score: 0.2315  [259, 108, 294, 202] Score: 0.1923  [214, 72, 260, 148] Score: 0.1208  [3, 20, 38, 150] Score: 0.1012 
Frame135 [185, 67, 249, 226] Score: 0.9701  [222, 66, 298, 201] Score: 0.9352  [85, 84, 128, 207] Score: 0.8350  [211, 62, 259, 140] Score: 0.8086  [124, 85, 156, 176] Score: 0.6718  [119, 84, 227, 235] Score: 0.6354  [133, 82, 151, 106] Score: 0.4245  [92, 92, 117, 155] Score: 0.3999  [130, 84, 139, 105] Score: 0.3509  [131, 87, 135, 92] Score: 0.2789  [262, 67, 281, 79] Score: 0.1125  [262, 73, 282, 116] Score: 0.1020 
Frame136 [184, 66, 244, 233] Score: 0.9402  [221, 66, 294, 199] Score: 0.9201  [86, 83, 129, 205] Score: 0.9072  [118, 80, 154, 207] Score: 0.9040  [108, 85, 217, 235] Score: 0.5343  [127, 82, 138, 104] Score: 0.5028  [134, 83, 148, 103] Score: 0.5028  [129, 88, 133, 95] Score: 0.2284  [193, 99, 206, 120] Score: 0.2139  [132, 81, 172, 156] Score: 0.1840  [210, 63, 257, 146] Score: 0.1553  [261, 67, 279, 79] Score: 0.1379  [131, 96, 137, 104] Score: 0.1292  [134, 100, 135, 104] Score: 0.1292  [304, 72, 330, 219] Score: 0.1183  [224, 65, 239, 75] Score: 0.1125 
Frame137 [183, 68, 248, 230] Score: 0.9758  [245, 66, 300, 198] Score: 0.8284  [84, 83, 126, 207] Score: 0.8040  [258, 68, 289, 115] Score: 0.5616  [209, 64, 254, 146] Score: 0.5358  [88, 83, 103, 157] Score: 0.4152  [102, 72, 180, 222] Score: 0.3746  [300, 70, 329, 220] Score: 0.2002  [224, 65, 238, 76] Score: 0.1080  [3, 24, 36, 149] Score: 0.1069 
Frame138 [180, 67, 251, 230] Score: 0.9792  [238, 69, 294, 204] Score: 0.9586  [95, 77, 209, 228] Score: 0.6185  [80, 81, 126, 209] Score: 0.4843  [298, 83, 331, 222] Score: 0.4575  [258, 67, 282, 109] Score: 0.2546  [2, 23, 28, 134] Score: 0.1660  [212, 68, 254, 150] Score: 0.1489 
Frame139 [177, 64, 244, 231] Score: 0.9734  [216, 66, 287, 202] Score: 0.8905  [96, 82, 214, 237] Score: 0.7403  [80, 81, 124, 209] Score: 0.4916  [291, 81, 337, 221] Score: 0.4493  [184, 107, 204, 120] Score: 0.3699  [116, 75, 148, 118] Score: 0.2388  [181, 89, 210, 128] Score: 0.2206  [209, 74, 250, 144] Score: 0.2141  [4, 13, 30, 153] Score: 0.2109  [259, 72, 277, 151] Score: 0.2107  [261, 77, 275, 93] Score: 0.1588  [122, 83, 128, 88] Score: 0.1524  [118, 76, 131, 94] Score: 0.1416  [116, 71, 169, 173] Score: 0.1400  [126, 87, 140, 108] Score: 0.1256  [124, 94, 127, 100] Score: 0.1103  [130, 80, 145, 95] Score: 0.1020 
Frame140 [180, 69, 244, 227] Score: 0.9806  [229, 71, 286, 201] Score: 0.8086  [78, 83, 198, 236] Score: 0.7160  [293, 90, 331, 225] Score: 0.6448  [254, 68, 280, 116] Score: 0.5785  [207, 66, 249, 149] Score: 0.5456  [63, 78, 125, 209] Score: 0.4561  [116, 76, 141, 98] Score: 0.2075  [190, 106, 209, 132] Score: 0.1703  [116, 83, 120, 89] Score: 0.1518  [285, 120, 302, 221] Score: 0.1032 
Frame141 [177, 69, 257, 228] Score: 0.9890  [286, 87, 329, 221] Score: 0.9351  [225, 68, 274, 201] Score: 0.8626  [251, 70, 279, 146] Score: 0.8286  [93, 78, 211, 238] Score: 0.6536  [205, 66, 251, 142] Score: 0.3373  [57, 82, 116, 211] Score: 0.1455  [262, 80, 271, 85] Score: 0.1129  [257, 78, 273, 93] Score: 0.1129  [112, 76, 140, 99] Score: 0.1091  [119, 83, 123, 99] Score: 0.1069 
Frame142 [174, 70, 241, 231] Score: 0.9894  [208, 70, 282, 202] Score: 0.9300  [286, 82, 328, 229] Score: 0.6331  [203, 75, 249, 144] Score: 0.4105  [141, 78, 205, 242] Score: 0.2793  [120, 77, 152, 115] Score: 0.1637  [110, 76, 126, 96] Score: 0.1436  [78, 84, 119, 214] Score: 0.1209  [256, 79, 271, 93] Score: 0.1013 
Frame143 [170, 72, 242, 229] Score: 0.9940  [249, 70, 285, 203] Score: 0.9109  [200, 66, 246, 145] Score: 0.7473  [283, 73, 329, 226] Score: 0.2727 
Frame144 [169, 73, 240, 229] Score: 0.9918  [247, 72, 282, 198] Score: 0.9703  [199, 67, 245, 146] Score: 0.7410  [258, 82, 321, 216] Score: 0.6160  [69, 73, 147, 212] Score: 0.4150  [252, 76, 269, 137] Score: 0.1230 
Frame145 [168, 74, 238, 232] Score: 0.9897  [247, 72, 280, 199] Score: 0.9705  [215, 77, 316, 224] Score: 0.8700  [68, 83, 145, 208] Score: 0.6552  [198, 73, 244, 147] Score: 0.3807  [248, 78, 266, 121] Score: 0.1997  [115, 79, 132, 110] Score: 0.1752  [129, 85, 199, 241] Score: 0.1663  [414, 112, 427, 127] Score: 0.1439  [107, 80, 147, 130] Score: 0.1373  [98, 78, 117, 214] Score: 0.1278 
Frame146 [166, 77, 242, 235] Score: 0.9882  [69, 88, 104, 214] Score: 0.9365  [255, 82, 313, 225] Score: 0.9052  [248, 68, 275, 213] Score: 0.8947  [100, 83, 145, 215] Score: 0.8450  [116, 90, 129, 108] Score: 0.3591  [115, 81, 131, 97] Score: 0.3081  [196, 77, 242, 152] Score: 0.2797  [109, 89, 128, 164] Score: 0.2505  [133, 87, 199, 243] Score: 0.2255  [96, 85, 110, 213] Score: 0.2167  [99, 80, 114, 99] Score: 0.1920  [64, 85, 81, 160] Score: 0.1759  [102, 97, 113, 118] Score: 0.1399  [126, 90, 137, 112] Score: 0.1368  [66, 82, 81, 101] Score: 0.1324  [414, 111, 427, 131] Score: 0.1265  [111, 100, 119, 109] Score: 0.1143  [115, 98, 117, 102] Score: 0.1143  [247, 70, 264, 86] Score: 0.1070  [50, 78, 58, 139] Score: 0.1024 
Frame147 [166, 78, 233, 231] Score: 0.9820  [246, 67, 271, 215] Score: 0.9273  [252, 75, 308, 219] Score: 0.8700  [100, 85, 138, 229] Score: 0.8162  [64, 85, 121, 227] Score: 0.6358  [119, 85, 190, 239] Score: 0.3475  [113, 81, 139, 111] Score: 0.3197  [246, 78, 264, 114] Score: 0.3013  [196, 74, 237, 155] Score: 0.1389  [414, 111, 427, 131] Score: 0.1317 
Frame148 [163, 78, 234, 229] Score: 0.9829  [247, 79, 321, 215] Score: 0.8941  [233, 68, 274, 211] Score: 0.6426  [125, 88, 197, 241] Score: 0.4198  [103, 81, 149, 242] Score: 0.1994  [52, 83, 127, 215] Score: 0.1827  [111, 83, 138, 110] Score: 0.1501  [195, 74, 237, 157] Score: 0.1453  [245, 80, 262, 95] Score: 0.1299  [414, 111, 427, 131] Score: 0.1227 
Frame149 [152, 83, 210, 235] Score: 0.9850  [192, 70, 245, 209] Score: 0.9411  [246, 74, 306, 227] Score: 0.8101  [105, 75, 145, 228] Score: 0.5204  [46, 84, 95, 217] Score: 0.3388  [71, 64, 126, 221] Score: 0.2013  [126, 82, 169, 242] Score: 0.1201  [109, 83, 127, 109] Score: 0.1036 
Frame150 [243, 72, 302, 231] Score: 0.9812  [157, 77, 228, 233] Score: 0.9761  [197, 75, 262, 226] Score: 0.6661  [53, 83, 120, 222] Score: 0.2975  [191, 75, 234, 150] Score: 0.2794  [46, 81, 60, 142] Score: 0.1113  [240, 70, 257, 98] Score: 0.1075  [230, 79, 244, 109] Score: 0.1036 
Frame151 [244, 75, 300, 231] Score: 0.9848  [156, 76, 236, 232] Score: 0.9477  [91, 85, 133, 214] Score: 0.8957  [240, 77, 263, 215] Score: 0.7720  [48, 88, 91, 163] Score: 0.6297  [105, 82, 134, 114] Score: 0.5943  [189, 69, 239, 149] Score: 0.5161  [96, 85, 109, 105] Score: 0.5013  [53, 99, 65, 153] Score: 0.4864  [79, 82, 102, 118] Score: 0.4532  [47, 83, 53, 97] Score: 0.3475  [62, 97, 80, 114] Score: 0.2904  [39, 94, 61, 150] Score: 0.2807  [92, 105, 106, 119] Score: 0.2408  [119, 106, 121, 111] Score: 0.2124  [107, 97, 111, 104] Score: 0.2106  [56, 103, 63, 122] Score: 0.2060  [4, 75, 57, 157] Score: 0.1972  [52, 85, 66, 103] Score: 0.1960  [48, 98, 57, 110] Score: 0.1681  [79, 98, 84, 107] Score: 0.1542  [120, 74, 144, 230] Score: 0.1407  [225, 79, 242, 112] Score: 0.1402  [46, 106, 55, 137] Score: 0.1371  [96, 96, 103, 102] Score: 0.1252  [131, 91, 133, 96] Score: 0.1209  [241, 81, 256, 97] Score: 0.1094  [237, 71, 255, 87] Score: 0.1094  [54, 108, 56, 115] Score: 0.1021 
Frame152 [235, 73, 296, 237] Score: 0.9873  [160, 82, 220, 232] Score: 0.9866  [96, 86, 141, 221] Score: 0.8471  [191, 77, 264, 220] Score: 0.7626  [88, 92, 106, 154] Score: 0.6101  [105, 82, 127, 115] Score: 0.5300  [93, 93, 99, 100] Score: 0.5040  [96, 84, 108, 105] Score: 0.4970  [76, 82, 99, 116] Score: 0.4827  [56, 85, 105, 167] Score: 0.4165  [76, 95, 88, 113] Score: 0.3759  [126, 94, 134, 111] Score: 0.2901  [93, 98, 97, 100] Score: 0.2185  [38, 80, 83, 215] Score: 0.1331  [114, 101, 126, 113] Score: 0.1330 
Frame153 [246, 77, 295, 238] Score: 0.9849  [158, 82, 234, 219] Score: 0.9781  [226, 69, 267, 221] Score: 0.9161  [98, 86, 134, 217] Score: 0.7660  [103, 83, 126, 114] Score: 0.6306  [71, 91, 105, 148] Score: 0.5760  [71, 92, 88, 117] Score: 0.5358  [96, 87, 106, 104] Score: 0.4979  [44, 82, 67, 218] Score: 0.4419  [72, 93, 74, 96] Score: 0.3919  [49, 86, 123, 230] Score: 0.3188  [116, 105, 119, 107] Score: 0.2844  [236, 71, 252, 86] Score: 0.2764  [104, 100, 109, 106] Score: 0.2582  [70, 90, 75, 96] Score: 0.1965  [74, 85, 205, 249] Score: 0.1933  [74, 82, 106, 103] Score: 0.1907  [101, 100, 102, 101] Score: 0.1759  [122, 94, 133, 111] Score: 0.1200  [124, 103, 129, 110] Score: 0.1200 
Frame154 [230, 71, 293, 232] Score: 0.9901  [160, 76, 231, 215] Score: 0.9050  [97, 88, 129, 230] Score: 0.8805  [99, 84, 130, 114] Score: 0.6366  [84, 97, 103, 145] Score: 0.3985  [91, 95, 95, 101] Score: 0.3856  [28, 76, 78, 215] Score: 0.3198  [234, 71, 252, 86] Score: 0.3183  [78, 100, 85, 109] Score: 0.2995  [81, 82, 105, 230] Score: 0.2680  [88, 97, 91, 99] Score: 0.2407  [113, 95, 126, 112] Score: 0.2128  [84, 110, 91, 117] Score: 0.1802  [70, 94, 85, 114] Score: 0.1799  [124, 98, 132, 112] Score: 0.1600  [126, 93, 166, 242] Score: 0.1570  [70, 93, 90, 146] Score: 0.1460  [236, 82, 253, 100] Score: 0.1325  [184, 75, 230, 127] Score: 0.1044  [119, 101, 122, 108] Score: 0.1042 
Frame155 [216, 64, 295, 231] Score: 0.9770  [163, 81, 232, 215] Score: 0.8988  [100, 84, 124, 173] Score: 0.8983  [81, 91, 143, 226] Score: 0.8496  [40, 79, 77, 215] Score: 0.7613  [100, 84, 120, 110] Score: 0.6395  [67, 80, 90, 126] Score: 0.5867  [69, 83, 101, 226] Score: 0.5389  [26, 75, 56, 165] Score: 0.3681  [233, 71, 250, 85] Score: 0.3416  [69, 96, 82, 115] Score: 0.3009  [77, 100, 82, 108] Score: 0.3007  [80, 93, 104, 154] Score: 0.2974  [235, 81, 250, 98] Score: 0.2818  [100, 101, 109, 108] Score: 0.2747  [104, 106, 109, 108] Score: 0.2747  [228, 79, 264, 161] Score: 0.2728  [85, 98, 90, 99] Score: 0.2144  [128, 95, 130, 96] Score: 0.2036  [1, 70, 21, 130] Score: 0.1841  [2, 102, 39, 157] Score: 0.1630  [112, 93, 131, 114] Score: 0.1275  [112, 107, 122, 113] Score: 0.1275  [22, 102, 41, 122] Score: 0.1180  [31, 104, 34, 109] Score: 0.1180 
Frame156 [214, 63, 292, 233] Score: 0.9427  [160, 79, 230, 214] Score: 0.9238  [97, 91, 133, 177] Score: 0.8806  [43, 86, 115, 227] Score: 0.8386  [85, 90, 170, 231] Score: 0.6908  [103, 94, 119, 110] Score: 0.5653  [15, 78, 73, 225] Score: 0.5260  [149, 89, 187, 236] Score: 0.4745  [63, 80, 88, 133] Score: 0.4647  [30, 83, 55, 160] Score: 0.4229  [22, 103, 35, 124] Score: 0.2797  [54, 86, 66, 100] Score: 0.2587  [34, 84, 40, 115] Score: 0.2365  [2, 72, 36, 156] Score: 0.2286  [98, 103, 105, 108] Score: 0.2245  [101, 102, 103, 104] Score: 0.2245  [98, 105, 102, 106] Score: 0.2245  [25, 76, 48, 114] Score: 0.2132  [225, 81, 260, 150] Score: 0.1990  [52, 75, 64, 90] Score: 0.1651  [118, 98, 121, 106] Score: 0.1622  [78, 98, 93, 112] Score: 0.1462  [37, 98, 40, 107] Score: 0.1011 
Frame157 [38, 75, 130, 230] Score: 0.9588  [97, 81, 130, 180] Score: 0.9145  [158, 70, 229, 219] Score: 0.8874  [103, 95, 117, 111] Score: 0.6460  [60, 81, 85, 151] Score: 0.6080  [51, 79, 86, 104] Score: 0.6058  [22, 85, 39, 127] Score: 0.5303  [199, 66, 279, 192] Score: 0.4552  [70, 95, 85, 104] Score: 0.4254  [4, 73, 50, 158] Score: 0.3402  [32, 88, 74, 193] Score: 0.3398  [55, 90, 64, 98] Score: 0.3159  [50, 80, 61, 91] Score: 0.2920  [31, 106, 34, 109] Score: 0.2835  [43, 93, 54, 99] Score: 0.2834  [232, 82, 249, 97] Score: 0.2650  [96, 100, 103, 108] Score: 0.2570  [33, 85, 39, 101] Score: 0.2559  [34, 84, 62, 134] Score: 0.2545  [31, 106, 32, 106] Score: 0.2495  [36, 100, 39, 107] Score: 0.2244  [66, 98, 76, 114] Score: 0.1327  [234, 91, 234, 95] Score: 0.1323  [62, 94, 70, 109] Score: 0.1160  [194, 71, 210, 81] Score: 0.1105 
Frame158 [215, 78, 285, 239] Score: 0.9712  [34, 80, 131, 232] Score: 0.9443  [97, 79, 133, 185] Score: 0.8500  [155, 71, 221, 217] Score: 0.8344  [99, 84, 117, 97] Score: 0.5544  [48, 78, 84, 101] Score: 0.5544  [98, 95, 122, 114] Score: 0.5402  [50, 79, 59, 92] Score: 0.4310  [27, 78, 72, 138] Score: 0.3558  [42, 83, 49, 95] Score: 0.3433  [43, 83, 61, 99] Score: 0.3270  [47, 87, 55, 94] Score: 0.3242  [48, 84, 49, 87] Score: 0.3242  [26, 77, 48, 108] Score: 0.3167  [2, 70, 34, 156] Score: 0.2929  [25, 94, 34, 107] Score: 0.2356  [50, 75, 54, 83] Score: 0.2111  [45, 73, 47, 74] Score: 0.2111  [52, 71, 53, 74] Score: 0.2111  [26, 76, 48, 86] Score: 0.1764  [11, 76, 61, 221] Score: 0.1748  [31, 85, 38, 107] Score: 0.1536  [177, 77, 226, 129] Score: 0.1322  [27, 103, 38, 138] Score: 0.1312  [28, 86, 31, 95] Score: 0.1259  [57, 77, 84, 168] Score: 0.1254  [74, 92, 97, 151] Score: 0.1251  [193, 71, 203, 83] Score: 0.1160  [115, 82, 180, 246] Score: 0.1132  [220, 82, 233, 102] Score: 0.1077 
Frame159 [91, 78, 130, 236] Score: 0.9608  [23, 80, 119, 231] Score: 0.9270  [184, 78, 299, 233] Score: 0.7065  [153, 80, 220, 233] Score: 0.6375  [46, 79, 80, 101] Score: 0.6015  [21, 78, 74, 155] Score: 0.5731  [98, 84, 128, 121] Score: 0.4803  [46, 80, 56, 96] Score: 0.4557  [101, 94, 117, 114] Score: 0.3990  [53, 91, 59, 99] Score: 0.3387  [18, 73, 35, 141] Score: 0.3364  [34, 82, 47, 97] Score: 0.2723  [26, 78, 58, 103] Score: 0.2633  [228, 73, 248, 100] Score: 0.2186  [49, 76, 51, 78] Score: 0.2010  [114, 94, 128, 117] Score: 0.1689  [57, 98, 59, 100] Score: 0.1416  [177, 78, 223, 145] Score: 0.1261  [215, 81, 257, 186] Score: 0.1123 
Frame160 [87, 79, 131, 229] Score: 0.9810  [31, 83, 94, 229] Score: 0.9704  [208, 77, 289, 242] Score: 0.9332  [150, 86, 220, 235] Score: 0.8612  [19, 70, 59, 161] Score: 0.7389  [45, 80, 53, 97] Score: 0.6311  [53, 80, 79, 103] Score: 0.5936  [53, 82, 79, 153] Score: 0.5856  [16, 77, 54, 99] Score: 0.4206  [19, 84, 32, 121] Score: 0.4181  [39, 91, 46, 96] Score: 0.4159  [68, 83, 113, 174] Score: 0.3367  [182, 68, 248, 183] Score: 0.3157  [93, 94, 128, 122] Score: 0.2965  [47, 81, 186, 239] Score: 0.2587  [28, 95, 33, 104] Score: 0.1711  [56, 94, 68, 126] Score: 0.1695  [226, 75, 245, 89] Score: 0.1472  [45, 72, 50, 78] Score: 0.1457  [50, 74, 52, 79] Score: 0.1457  [5, 71, 37, 190] Score: 0.1224  [190, 72, 203, 82] Score: 0.1106  [189, 70, 208, 101] Score: 0.1003 
Frame161 [29, 82, 93, 221] Score: 0.9359  [205, 76, 288, 237] Score: 0.9154  [94, 81, 130, 189] Score: 0.8539  [150, 75, 218, 231] Score: 0.8264  [20, 76, 52, 129] Score: 0.5733  [59, 81, 144, 241] Score: 0.4838  [19, 77, 29, 126] Score: 0.3270  [9, 67, 51, 216] Score: 0.3031  [44, 88, 53, 100] Score: 0.3003  [24, 77, 50, 90] Score: 0.2488  [47, 79, 51, 87] Score: 0.2360  [49, 80, 74, 105] Score: 0.2148  [98, 92, 118, 116] Score: 0.2062  [29, 82, 40, 103] Score: 0.1914  [226, 74, 246, 103] Score: 0.1423  [187, 73, 201, 82] Score: 0.1311  [34, 89, 44, 99] Score: 0.1292  [54, 98, 58, 106] Score: 0.1152 
