Frame1 [40, 78, 105, 247] Score: 0.6242  [122, 67, 205, 357] Score: 0.5473  [97, 79, 175, 185] Score: 0.4443  [112, 82, 133, 103] Score: 0.3912  [27, 35, 56, 100] Score: 0.3074  [26, 51, 46, 66] Score: 0.2325  [50, 89, 64, 110] Score: 0.1909  [50, 86, 55, 90] Score: 0.1829  [129, 73, 160, 102] Score: 0.1826  [25, 36, 44, 56] Score: 0.1546  [140, 72, 149, 80] Score: 0.1304 
Frame2 [100, 71, 159, 173] Score: 0.9671  [117, 94, 206, 329] Score: 0.8909  [30, 87, 98, 237] Score: 0.8649  [108, 80, 139, 128] Score: 0.5868  [15, 34, 51, 116] Score: 0.5467  [50, 90, 66, 115] Score: 0.1282 
Frame3 [101, 84, 180, 187] Score: 0.9852  [122, 94, 206, 324] Score: 0.9015  [29, 89, 100, 238] Score: 0.8985  [109, 81, 144, 117] Score: 0.3904  [129, 76, 147, 88] Score: 0.3009  [28, 39, 56, 98] Score: 0.2379  [143, 79, 161, 97] Score: 0.1484  [135, 72, 163, 150] Score: 0.1291  [22, 78, 51, 157] Score: 0.1248  [63, 89, 82, 112] Score: 0.1193  [22, 103, 45, 123] Score: 0.1115 
Frame4 [30, 97, 102, 240] Score: 0.5322  [135, 81, 205, 339] Score: 0.4883  [130, 74, 173, 153] Score: 0.2534  [120, 73, 146, 90] Score: 0.2450  [101, 78, 125, 112] Score: 0.2410  [49, 87, 66, 109] Score: 0.2265  [24, 102, 45, 141] Score: 0.1825  [118, 92, 135, 108] Score: 0.1497  [101, 86, 150, 176] Score: 0.1143  [136, 72, 166, 99] Score: 0.1127 
Frame5 [111, 80, 158, 213] Score: 0.9695  [45, 92, 96, 233] Score: 0.8297  [123, 83, 203, 325] Score: 0.5583  [121, 82, 140, 102] Score: 0.2413  [66, 90, 85, 108] Score: 0.1746  [27, 52, 58, 88] Score: 0.1458  [46, 108, 51, 116] Score: 0.1327  [39, 52, 52, 65] Score: 0.1232  [41, 52, 44, 61] Score: 0.1027 
Frame6 [119, 69, 176, 242] Score: 0.7342  [49, 92, 100, 237] Score: 0.6992  [126, 84, 135, 88] Score: 0.3811  [154, 72, 170, 96] Score: 0.1531  [123, 85, 142, 103] Score: 0.1520  [23, 99, 44, 152] Score: 0.1411  [68, 90, 86, 117] Score: 0.1280 
Frame7 [50, 91, 103, 235] Score: 0.8370  [117, 72, 152, 216] Score: 0.5878  [70, 90, 87, 105] Score: 0.3082  [51, 101, 64, 117] Score: 0.2677  [126, 67, 210, 321] Score: 0.2559  [126, 85, 145, 108] Score: 0.2073  [28, 53, 66, 87] Score: 0.1248  [23, 103, 44, 155] Score: 0.1147 
Frame8 [45, 90, 112, 236] Score: 0.6728  [70, 89, 88, 102] Score: 0.3431  [118, 74, 215, 327] Score: 0.2435  [147, 83, 159, 91] Score: 0.1973  [43, 100, 60, 131] Score: 0.1285  [147, 72, 174, 102] Score: 0.1225 
Frame9 [122, 74, 189, 199] Score: 0.8058  [43, 88, 117, 236] Score: 0.7468  [52, 99, 67, 120] Score: 0.2885  [129, 85, 150, 109] Score: 0.2207  [42, 106, 55, 137] Score: 0.1524  [148, 72, 178, 100] Score: 0.1487  [149, 83, 164, 98] Score: 0.1416  [23, 93, 44, 139] Score: 0.1292 
Frame10 [45, 88, 115, 235] Score: 0.8277  [76, 95, 92, 103] Score: 0.3036  [51, 97, 61, 117] Score: 0.2965  [137, 84, 152, 95] Score: 0.2531  [70, 95, 79, 108] Score: 0.2393  [43, 105, 56, 138] Score: 0.2199  [27, 53, 60, 86] Score: 0.1988  [16, 36, 45, 137] Score: 0.1864  [123, 70, 218, 334] Score: 0.1298  [28, 52, 41, 76] Score: 0.1033 
Frame11 [40, 90, 108, 235] Score: 0.8138  [28, 51, 59, 101] Score: 0.3635  [78, 88, 93, 104] Score: 0.2892  [56, 100, 67, 118] Score: 0.2518  [46, 96, 58, 110] Score: 0.2518  [59, 86, 70, 106] Score: 0.2465  [48, 109, 56, 122] Score: 0.2224  [28, 51, 41, 79] Score: 0.2130  [167, 71, 184, 96] Score: 0.2114  [42, 107, 55, 138] Score: 0.1736  [126, 61, 222, 338] Score: 0.1539  [15, 34, 38, 94] Score: 0.1420  [155, 82, 170, 99] Score: 0.1347  [133, 84, 156, 100] Score: 0.1156  [153, 71, 185, 133] Score: 0.1083 
Frame12 [46, 94, 111, 240] Score: 0.8550  [79, 88, 95, 105] Score: 0.5571  [129, 67, 218, 340] Score: 0.5557  [69, 88, 81, 105] Score: 0.4119  [15, 29, 45, 140] Score: 0.3776  [61, 94, 72, 113] Score: 0.3410  [56, 97, 64, 110] Score: 0.3041  [156, 71, 187, 94] Score: 0.2130  [48, 118, 56, 135] Score: 0.2053  [42, 104, 51, 138] Score: 0.1614  [42, 46, 54, 57] Score: 0.1492  [22, 98, 44, 136] Score: 0.1193 
Frame13 [53, 90, 119, 245] Score: 0.9773  [125, 77, 210, 234] Score: 0.6382  [20, 37, 58, 134] Score: 0.4435  [62, 98, 70, 103] Score: 0.4320  [80, 89, 96, 110] Score: 0.4023  [62, 97, 73, 114] Score: 0.2729  [57, 109, 66, 118] Score: 0.2494  [43, 108, 53, 135] Score: 0.1771  [51, 92, 63, 127] Score: 0.1503  [25, 98, 52, 154] Score: 0.1204 
Frame14 [54, 95, 114, 239] Score: 0.9792  [125, 77, 221, 237] Score: 0.6368  [16, 29, 49, 140] Score: 0.4228  [63, 97, 70, 102] Score: 0.2876  [70, 94, 83, 113] Score: 0.2510  [80, 88, 99, 136] Score: 0.1698 
Frame15 [55, 91, 116, 241] Score: 0.9740  [16, 28, 50, 138] Score: 0.4311  [128, 64, 218, 350] Score: 0.3220  [65, 100, 77, 115] Score: 0.2347  [52, 115, 61, 123] Score: 0.1985  [172, 72, 190, 96] Score: 0.1799  [82, 88, 99, 119] Score: 0.1127  [173, 81, 182, 92] Score: 0.1094  [166, 82, 174, 90] Score: 0.1057 
Frame16 [45, 93, 120, 242] Score: 0.9452  [129, 77, 207, 344] Score: 0.3216  [90, 89, 98, 103] Score: 0.2654  [52, 115, 66, 129] Score: 0.2058  [17, 22, 58, 139] Score: 0.1781  [75, 89, 101, 132] Score: 0.1477  [65, 97, 77, 115] Score: 0.1259 
Frame17 [59, 94, 117, 238] Score: 0.9408  [140, 57, 218, 227] Score: 0.2894  [24, 31, 56, 130] Score: 0.2508  [83, 89, 101, 120] Score: 0.1591  [38, 48, 56, 85] Score: 0.1564  [52, 114, 60, 124] Score: 0.1151 
Frame18 [56, 89, 120, 250] Score: 0.9815  [145, 56, 222, 225] Score: 0.6594  [85, 90, 101, 107] Score: 0.3569  [116, 103, 211, 371] Score: 0.1798  [17, 28, 57, 136] Score: 0.1716  [37, 45, 56, 87] Score: 0.1311  [78, 104, 89, 127] Score: 0.1267  [53, 112, 68, 129] Score: 0.1189  [174, 79, 203, 91] Score: 0.1122  [59, 102, 103, 163] Score: 0.1105  [69, 93, 89, 116] Score: 0.1076 
Frame19 [138, 78, 223, 238] Score: 0.9633  [53, 88, 115, 264] Score: 0.9616  [25, 31, 55, 122] Score: 0.2006  [85, 90, 103, 118] Score: 0.1661  [54, 112, 68, 132] Score: 0.1429 
Frame20 [50, 83, 125, 270] Score: 0.9646  [155, 80, 233, 221] Score: 0.8640  [86, 90, 102, 116] Score: 0.2014  [53, 110, 71, 134] Score: 0.1339 
Frame21 [53, 89, 127, 264] Score: 0.9396  [153, 79, 230, 224] Score: 0.8798  [177, 75, 190, 90] Score: 0.2281  [79, 92, 106, 132] Score: 0.1396  [131, 70, 191, 366] Score: 0.1227  [54, 109, 71, 132] Score: 0.1184 
Frame22 [53, 85, 121, 269] Score: 0.9536  [152, 77, 224, 189] Score: 0.9502  [169, 72, 219, 92] Score: 0.3593  [132, 77, 201, 377] Score: 0.2364  [89, 93, 103, 109] Score: 0.2088  [53, 109, 71, 129] Score: 0.1884  [198, 83, 203, 92] Score: 0.1250 
Frame23 [156, 75, 240, 206] Score: 0.9821  [56, 92, 119, 263] Score: 0.9800  [186, 73, 222, 97] Score: 0.3724  [113, 124, 198, 387] Score: 0.2209  [86, 93, 105, 122] Score: 0.1442  [22, 27, 53, 137] Score: 0.1179  [41, 103, 58, 137] Score: 0.1014 
Frame24 [57, 92, 130, 260] Score: 0.9781  [162, 73, 244, 221] Score: 0.9729  [196, 73, 214, 96] Score: 0.3032  [210, 73, 225, 99] Score: 0.2694  [53, 115, 62, 138] Score: 0.2140  [86, 93, 105, 109] Score: 0.1804  [73, 92, 180, 389] Score: 0.1406  [59, 108, 72, 132] Score: 0.1373 
Frame25 [166, 73, 239, 219] Score: 0.9881  [57, 93, 127, 266] Score: 0.9844  [161, 77, 203, 164] Score: 0.5058  [73, 101, 182, 362] Score: 0.3289  [199, 73, 230, 97] Score: 0.3084  [60, 108, 72, 122] Score: 0.2564  [86, 94, 108, 118] Score: 0.1898  [53, 126, 64, 138] Score: 0.1746  [52, 104, 69, 129] Score: 0.1731 
Frame26 [58, 93, 124, 261] Score: 0.9859  [164, 75, 243, 215] Score: 0.9223  [68, 108, 169, 375] Score: 0.7512  [199, 70, 222, 96] Score: 0.3537  [50, 97, 71, 128] Score: 0.2957  [139, 162, 150, 179] Score: 0.2473  [183, 77, 203, 98] Score: 0.2161  [87, 94, 110, 121] Score: 0.1563  [52, 106, 58, 124] Score: 0.1249  [27, 103, 68, 157] Score: 0.1055 
Frame27 [58, 93, 127, 270] Score: 0.9943  [169, 73, 236, 177] Score: 0.8935  [209, 72, 238, 96] Score: 0.3720  [76, 104, 175, 404] Score: 0.3135  [194, 75, 204, 95] Score: 0.2101  [53, 107, 71, 128] Score: 0.2037  [87, 94, 110, 107] Score: 0.1429  [53, 123, 64, 138] Score: 0.1163 
Frame28 [203, 62, 264, 217] Score: 0.9401  [59, 93, 132, 273] Score: 0.9301  [163, 73, 232, 213] Score: 0.5140  [208, 75, 228, 94] Score: 0.2410  [54, 107, 72, 129] Score: 0.1827  [88, 94, 110, 107] Score: 0.1273  [225, 71, 242, 93] Score: 0.1152 
Frame29 [208, 73, 252, 203] Score: 0.9433  [60, 97, 129, 267] Score: 0.9155  [68, 98, 185, 385] Score: 0.4752  [176, 74, 227, 195] Score: 0.3376  [205, 77, 215, 88] Score: 0.2151  [88, 97, 109, 109] Score: 0.1922  [51, 110, 73, 139] Score: 0.1682  [212, 76, 237, 141] Score: 0.1038 
Frame30 [213, 73, 256, 216] Score: 0.9702  [62, 95, 126, 259] Score: 0.9629  [66, 110, 175, 380] Score: 0.9501  [50, 102, 72, 136] Score: 0.3545  [53, 111, 62, 136] Score: 0.1963  [49, 106, 59, 125] Score: 0.1904  [180, 70, 227, 182] Score: 0.1677  [89, 98, 111, 108] Score: 0.1387  [231, 70, 247, 92] Score: 0.1079 
Frame31 [215, 70, 259, 216] Score: 0.9717  [69, 109, 182, 386] Score: 0.8925  [64, 95, 123, 265] Score: 0.7928  [51, 106, 72, 138] Score: 0.2689  [218, 72, 236, 91] Score: 0.2389 
Frame32 [225, 71, 260, 211] Score: 0.9935  [72, 113, 179, 378] Score: 0.9015  [65, 100, 126, 239] Score: 0.7180  [180, 72, 248, 197] Score: 0.6862  [218, 78, 228, 92] Score: 0.1998  [57, 92, 71, 134] Score: 0.1179 
Frame33 [220, 69, 275, 211] Score: 0.9631  [74, 110, 176, 385] Score: 0.8642  [66, 112, 124, 220] Score: 0.2910  [183, 69, 234, 199] Score: 0.1223 
Frame34 [226, 72, 268, 212] Score: 0.9945  [83, 101, 173, 386] Score: 0.7623  [74, 100, 127, 231] Score: 0.6335  [187, 67, 248, 210] Score: 0.6278  [224, 69, 246, 150] Score: 0.5186  [227, 68, 244, 83] Score: 0.1305 
Frame35 [227, 71, 269, 213] Score: 0.9910  [80, 101, 172, 396] Score: 0.8801  [76, 102, 135, 241] Score: 0.7522  [192, 67, 251, 191] Score: 0.2034  [214, 65, 228, 93] Score: 0.1468  [227, 68, 251, 132] Score: 0.1117 
Frame36 [232, 73, 282, 210] Score: 0.9825  [72, 107, 166, 383] Score: 0.9173  [75, 98, 137, 233] Score: 0.7705  [196, 65, 254, 203] Score: 0.2082  [229, 69, 246, 90] Score: 0.1021 
Frame37 [238, 71, 277, 217] Score: 0.9920  [61, 95, 162, 409] Score: 0.9450  [70, 91, 130, 227] Score: 0.8626  [233, 71, 254, 166] Score: 0.4074 
Frame38 [241, 73, 278, 211] Score: 0.9950  [74, 95, 157, 442] Score: 0.9776  [81, 96, 137, 210] Score: 0.9559  [198, 66, 262, 201] Score: 0.5495  [46, 45, 67, 84] Score: 0.4341  [234, 81, 243, 86] Score: 0.2223  [74, 158, 100, 188] Score: 0.1780  [40, 57, 45, 64] Score: 0.1202 
Frame39 [238, 72, 286, 208] Score: 0.9960  [75, 106, 160, 420] Score: 0.9703  [76, 99, 135, 208] Score: 0.7941  [198, 60, 248, 201] Score: 0.5556  [102, 186, 127, 194] Score: 0.1823  [50, 46, 69, 136] Score: 0.1314 
Frame40 [241, 71, 302, 202] Score: 0.9924  [74, 106, 158, 425] Score: 0.9848  [84, 97, 138, 209] Score: 0.9284  [244, 69, 275, 146] Score: 0.5055  [202, 63, 270, 197] Score: 0.4483 
Frame41 [243, 71, 290, 204] Score: 0.9955  [72, 85, 160, 430] Score: 0.9861  [260, 68, 283, 118] Score: 0.3252  [242, 77, 260, 100] Score: 0.1245  [202, 62, 249, 171] Score: 0.1052 
Frame42 [249, 67, 293, 193] Score: 0.9979  [67, 89, 158, 432] Score: 0.9902  [203, 62, 274, 193] Score: 0.3883  [51, 104, 70, 138] Score: 0.3118  [38, 97, 53, 136] Score: 0.1320 
Frame43 [247, 66, 293, 200] Score: 0.9976  [68, 88, 155, 433] Score: 0.8765  [205, 63, 271, 201] Score: 0.8632  [226, 62, 243, 82] Score: 0.3827  [52, 75, 68, 134] Score: 0.2835  [54, 115, 62, 122] Score: 0.1901  [245, 77, 261, 95] Score: 0.1713 
Frame44 [242, 62, 319, 196] Score: 0.9953  [63, 90, 149, 427] Score: 0.9118  [207, 62, 273, 194] Score: 0.3661  [83, 192, 106, 223] Score: 0.2103  [251, 70, 292, 137] Score: 0.1803  [118, 98, 139, 114] Score: 0.1687  [88, 102, 146, 238] Score: 0.1186  [230, 70, 249, 109] Score: 0.1170  [38, 96, 69, 135] Score: 0.1049 
Frame45 [247, 60, 320, 194] Score: 0.9814  [49, 152, 148, 443] Score: 0.9146  [208, 62, 271, 198] Score: 0.6654  [29, 38, 71, 136] Score: 0.4173  [76, 194, 104, 225] Score: 0.1580  [54, 115, 70, 135] Score: 0.1359  [62, 190, 79, 221] Score: 0.1280  [91, 197, 108, 204] Score: 0.1189  [53, 51, 56, 58] Score: 0.1159 
Frame46 [254, 60, 305, 201] Score: 0.9898  [40, 169, 153, 421] Score: 0.9383  [100, 101, 152, 237] Score: 0.4826  [95, 180, 100, 184] Score: 0.4046  [212, 58, 265, 191] Score: 0.3626  [69, 178, 113, 226] Score: 0.2452  [229, 70, 255, 136] Score: 0.1142  [255, 81, 265, 93] Score: 0.1125  [28, 35, 78, 134] Score: 0.1075 
Frame47 [35, 169, 147, 433] Score: 0.9914  [257, 57, 305, 189] Score: 0.9796  [213, 57, 270, 179] Score: 0.5223  [99, 90, 152, 265] Score: 0.4090  [67, 178, 98, 230] Score: 0.3315  [26, 64, 77, 155] Score: 0.2925  [79, 193, 90, 224] Score: 0.2071 
Frame48 [29, 177, 137, 434] Score: 0.9871  [266, 59, 307, 193] Score: 0.9611  [213, 67, 275, 187] Score: 0.6728  [101, 89, 156, 255] Score: 0.3475  [63, 178, 103, 216] Score: 0.2138  [277, 61, 301, 81] Score: 0.1012 
Frame49 [18, 175, 140, 443] Score: 0.9942  [262, 60, 310, 197] Score: 0.9883  [211, 63, 278, 178] Score: 0.4993  [101, 103, 164, 265] Score: 0.3280 
Frame50 [26, 183, 134, 426] Score: 0.9948  [271, 59, 313, 197] Score: 0.9787  [215, 63, 275, 187] Score: 0.6847  [115, 84, 165, 268] Score: 0.1919  [264, 74, 277, 97] Score: 0.1116  [56, 181, 92, 216] Score: 0.1105 
Frame51 [20, 179, 133, 437] Score: 0.9982  [272, 60, 315, 194] Score: 0.9821  [228, 63, 280, 189] Score: 0.5189  [67, 182, 90, 202] Score: 0.1388  [106, 85, 183, 286] Score: 0.1317  [289, 63, 305, 76] Score: 0.1248  [267, 70, 278, 85] Score: 0.1185 
Frame52 [15, 185, 124, 439] Score: 0.9947  [273, 58, 318, 193] Score: 0.9861  [217, 64, 285, 192] Score: 0.7506  [293, 70, 308, 82] Score: 0.1093  [275, 74, 296, 145] Score: 0.1018 
Frame53 [14, 183, 121, 426] Score: 0.9981  [280, 60, 317, 192] Score: 0.9906  [219, 65, 285, 190] Score: 0.7978  [110, 101, 170, 265] Score: 0.1158  [52, 183, 88, 209] Score: 0.1033 
Frame54 [5, 184, 130, 439] Score: 0.9909  [242, 63, 322, 193] Score: 0.8263  [287, 71, 320, 161] Score: 0.8252  [98, 101, 188, 295] Score: 0.3766 
Frame55 [6, 180, 120, 445] Score: 0.9946  [284, 61, 332, 154] Score: 0.9686  [251, 63, 313, 196] Score: 0.6222  [102, 114, 178, 254] Score: 0.2904  [219, 56, 264, 159] Score: 0.2333  [256, 70, 267, 83] Score: 0.1420  [252, 68, 282, 107] Score: 0.1130 
Frame56 [5, 179, 116, 462] Score: 0.9846  [287, 55, 332, 197] Score: 0.9738  [229, 73, 318, 185] Score: 0.8974  [103, 114, 179, 262] Score: 0.2890  [254, 79, 288, 145] Score: 0.2808  [257, 71, 270, 82] Score: 0.1676  [282, 77, 294, 92] Score: 0.1446 
Frame57 [4, 187, 111, 462] Score: 0.9945  [291, 49, 331, 191] Score: 0.9612  [221, 62, 289, 176] Score: 0.8966  [267, 69, 288, 98] Score: 0.2033  [112, 98, 179, 267] Score: 0.1573  [285, 73, 299, 95] Score: 0.1339 
Frame58 [4, 190, 109, 464] Score: 0.9966  [295, 47, 332, 195] Score: 0.9608  [221, 61, 292, 177] Score: 0.9232  [290, 66, 303, 151] Score: 0.1774  [274, 88, 285, 94] Score: 0.1169 
Frame59 [8, 190, 128, 458] Score: 0.9865  [293, 63, 331, 191] Score: 0.9696  [224, 61, 292, 180] Score: 0.8678  [293, 69, 305, 146] Score: 0.4898  [275, 66, 294, 100] Score: 0.1035 
Frame60 [302, 49, 331, 190] Score: 0.9903  [10, 195, 126, 459] Score: 0.9625  [227, 62, 295, 177] Score: 0.8481  [295, 61, 306, 142] Score: 0.2019  [252, 56, 264, 72] Score: 0.1061 
Frame61 [6, 190, 108, 471] Score: 0.9823  [307, 58, 330, 189] Score: 0.9680  [108, 112, 182, 274] Score: 0.8627  [225, 61, 293, 181] Score: 0.7831  [299, 62, 319, 146] Score: 0.3962  [265, 61, 311, 109] Score: 0.2619  [296, 73, 305, 103] Score: 0.2123  [304, 51, 506, 185] Score: 0.1489 
Frame62 [1, 192, 115, 470] Score: 0.9904  [228, 61, 299, 180] Score: 0.8739  [308, 53, 329, 189] Score: 0.5988  [282, 63, 300, 93] Score: 0.2989  [257, 55, 269, 74] Score: 0.1920  [43, 197, 85, 252] Score: 0.1831  [297, 73, 306, 112] Score: 0.1196 
Frame63 [-1, 197, 120, 468] Score: 0.9879  [232, 59, 297, 182] Score: 0.9553  [113, 116, 189, 268] Score: 0.8224  [310, 55, 328, 189] Score: 0.3166  [282, 62, 301, 91] Score: 0.3095  [299, 69, 312, 88] Score: 0.1894  [44, 198, 87, 255] Score: 0.1009 
Frame64 [3, 200, 107, 466] Score: 0.9973  [237, 56, 303, 173] Score: 0.8593  [274, 57, 290, 82] Score: 0.1610  [312, 65, 328, 190] Score: 0.1491  [245, 62, 278, 125] Score: 0.1234 
Frame65 [3, 202, 104, 468] Score: 0.9979  [240, 53, 280, 160] Score: 0.8910  [125, 110, 193, 261] Score: 0.3628  [315, 72, 329, 190] Score: 0.3493  [277, 67, 291, 80] Score: 0.2468  [278, 62, 304, 96] Score: 0.1990 
Frame66 [0, 202, 102, 474] Score: 0.9973  [132, 109, 196, 280] Score: 0.9663  [241, 55, 310, 178] Score: 0.7699  [279, 60, 294, 80] Score: 0.1326 
Frame67 [-1, 206, 108, 474] Score: 0.9951  [242, 50, 287, 165] Score: 0.7820  [133, 106, 195, 275] Score: 0.5701  [268, 50, 282, 69] Score: 0.1437  [281, 58, 295, 81] Score: 0.1065 
Frame68 [-1, 212, 111, 474] Score: 0.9949  [250, 56, 309, 168] Score: 0.8340  [131, 110, 200, 286] Score: 0.6606  [270, 57, 284, 68] Score: 0.1426  [40, 207, 82, 262] Score: 0.1328  [283, 57, 297, 81] Score: 0.1132  [321, 147, 331, 188] Score: 0.1047  [291, 61, 312, 97] Score: 0.1028 
Frame69 [-1, 215, 101, 474] Score: 0.9970  [255, 54, 312, 169] Score: 0.8059  [38, 210, 79, 264] Score: 0.2654  [285, 60, 298, 76] Score: 0.1205  [133, 110, 203, 278] Score: 0.1046 
Frame70 [-2, 212, 102, 475] Score: 0.9895  [138, 116, 200, 282] Score: 0.6741  [253, 50, 316, 177] Score: 0.4048  [165, 120, 184, 139] Score: 0.1023 
Frame71 [-1, 218, 102, 469] Score: 0.9951  [251, 46, 321, 174] Score: 0.7911  [27, 210, 75, 269] Score: 0.1431 
Frame72 [-0, 225, 99, 467] Score: 0.9911  [261, 53, 315, 170] Score: 0.8673  [278, 48, 291, 64] Score: 0.3352  [28, 217, 70, 275] Score: 0.2774  [3, 223, 33, 266] Score: 0.1269 
Frame73 [262, 52, 317, 168] Score: 0.9939  [1, 229, 95, 468] Score: 0.9889  [23, 223, 65, 280] Score: 0.2547  [141, 105, 205, 284] Score: 0.2264  [278, 49, 293, 68] Score: 0.2041  [3, 225, 39, 286] Score: 0.1561  [291, 56, 305, 77] Score: 0.1324 
Frame74 [-3, 228, 101, 473] Score: 0.9927  [266, 54, 324, 179] Score: 0.9905  [147, 105, 211, 287] Score: 0.2854  [17, 221, 64, 282] Score: 0.2581 
Frame75 [-4, 232, 95, 475] Score: 0.9965  [262, 53, 321, 175] Score: 0.9812  [132, 113, 217, 289] Score: 0.3921  [10, 226, 61, 285] Score: 0.3006  [282, 50, 297, 69] Score: 0.1259 
Frame76 [-2, 235, 90, 471] Score: 0.9956  [263, 52, 324, 174] Score: 0.9686  [295, 59, 331, 138] Score: 0.5865  [141, 114, 220, 292] Score: 0.5745  [0, 273, 6, 285] Score: 0.2148  [3, 231, 57, 293] Score: 0.1604  [283, 50, 298, 73] Score: 0.1404  [1, 266, 19, 294] Score: 0.1065 
Frame77 [-1, 235, 83, 474] Score: 0.9962  [266, 49, 324, 169] Score: 0.9750  [145, 114, 223, 287] Score: 0.5022  [2, 235, 56, 299] Score: 0.2508  [284, 49, 299, 67] Score: 0.1362 
Frame78 [-1, 238, 78, 476] Score: 0.9969  [269, 52, 327, 175] Score: 0.9761  [148, 113, 228, 289] Score: 0.7357  [185, 111, 209, 127] Score: 0.1629  [298, 54, 301, 69] Score: 0.1503  [297, 54, 313, 76] Score: 0.1246  [286, 50, 302, 70] Score: 0.1123 
Frame79 [-3, 234, 75, 480] Score: 0.9946  [273, 52, 321, 177] Score: 0.9530  [147, 115, 230, 301] Score: 0.8081  [51, 141, 229, 457] Score: 0.2319  [301, 62, 329, 130] Score: 0.2038  [190, 112, 210, 129] Score: 0.1921  [288, 48, 297, 63] Score: 0.1471 
Frame80 [-2, 238, 77, 482] Score: 0.9894  [276, 52, 321, 175] Score: 0.9634  [140, 116, 239, 297] Score: 0.7808  [51, 142, 229, 462] Score: 0.2302  [289, 47, 304, 63] Score: 0.1717  [305, 60, 330, 130] Score: 0.1212 
Frame81 [-2, 237, 67, 479] Score: 0.9912  [277, 46, 323, 172] Score: 0.9576  [143, 109, 245, 300] Score: 0.4967  [52, 143, 232, 457] Score: 0.1288  [184, 114, 214, 164] Score: 0.1250 
Frame82 [-1, 246, 63, 484] Score: 0.9900  [271, 43, 332, 169] Score: 0.7043  [145, 116, 249, 306] Score: 0.6692  [53, 152, 238, 459] Score: 0.2287  [293, 45, 306, 57] Score: 0.1136 
Frame83 [-2, 248, 65, 487] Score: 0.9833  [278, 54, 323, 171] Score: 0.9668  [151, 116, 258, 307] Score: 0.6028  [53, 152, 242, 457] Score: 0.1811  [158, 131, 219, 220] Score: 0.1669 
Frame84 [-2, 240, 62, 482] Score: 0.9918  [279, 53, 325, 174] Score: 0.9741  [155, 118, 246, 312] Score: 0.8420  [192, 122, 214, 136] Score: 0.1113 
Frame85 [-2, 252, 68, 479] Score: 0.9928  [280, 51, 325, 161] Score: 0.9834  [149, 123, 242, 281] Score: 0.9051  [183, 124, 216, 170] Score: 0.1151 
Frame86 [-0, 260, 69, 480] Score: 0.9906  [156, 122, 238, 316] Score: 0.9749  [282, 52, 323, 155] Score: 0.9487  [183, 124, 218, 171] Score: 0.1067 
Frame87 [-3, 247, 77, 478] Score: 0.9925  [161, 124, 247, 306] Score: 0.9623  [283, 52, 323, 153] Score: 0.9088  [0, 289, 6, 317] Score: 0.2280  [4, 259, 58, 326] Score: 0.1411  [19, 217, 201, 466] Score: 0.1371  [183, 124, 215, 175] Score: 0.1049 
Frame88 [-3, 248, 79, 478] Score: 0.9902  [281, 49, 319, 154] Score: 0.9529  [160, 109, 245, 328] Score: 0.9475  [5, 260, 58, 328] Score: 0.3063  [17, 223, 200, 467] Score: 0.2169  [1, 316, 14, 333] Score: 0.1939 
Frame89 [-1, 250, 68, 476] Score: 0.9974  [283, 53, 330, 156] Score: 0.9902  [162, 104, 248, 326] Score: 0.7350  [1, 310, 11, 332] Score: 0.1372  [1, 326, 17, 362] Score: 0.1093 
Frame90 [-0, 251, 72, 479] Score: 0.9972  [278, 49, 330, 160] Score: 0.9885  [164, 124, 248, 317] Score: 0.9830  [2, 260, 53, 337] Score: 0.1593  [0, 335, 7, 354] Score: 0.1463  [186, 124, 220, 175] Score: 0.1133  [0, 314, 5, 337] Score: 0.1131 
Frame91 [-0, 256, 78, 479] Score: 0.9971  [280, 49, 329, 161] Score: 0.9874  [156, 126, 255, 313] Score: 0.9478  [199, 122, 221, 139] Score: 0.1211 
Frame92 [-1, 256, 80, 475] Score: 0.9984  [281, 48, 330, 154] Score: 0.9701  [164, 124, 253, 318] Score: 0.9057  [2, 262, 50, 351] Score: 0.1528 
Frame93 [-2, 252, 80, 476] Score: 0.9982  [285, 48, 331, 155] Score: 0.9865  [169, 121, 257, 329] Score: 0.8744  [4, 266, 63, 353] Score: 0.1489 
Frame94 [-2, 255, 90, 479] Score: 0.9979  [167, 119, 255, 330] Score: 0.9486  [287, 45, 332, 154] Score: 0.8673 
Frame95 [-2, 258, 91, 478] Score: 0.9985  [169, 123, 265, 339] Score: 0.7977  [292, 36, 331, 149] Score: 0.4710  [43, 143, 218, 463] Score: 0.1180 
Frame96 [-2, 254, 110, 481] Score: 0.9974  [164, 125, 262, 335] Score: 0.9772  [288, 40, 340, 163] Score: 0.6935  [3, 266, 45, 344] Score: 0.2481  [45, 146, 212, 465] Score: 0.1815 
Frame97 [-2, 253, 113, 477] Score: 0.9964  [163, 124, 263, 338] Score: 0.9465  [286, 36, 333, 159] Score: 0.8110  [3, 267, 43, 350] Score: 0.1759 
Frame98 [-3, 253, 100, 477] Score: 0.9971  [166, 130, 265, 340] Score: 0.9615  [294, 37, 333, 162] Score: 0.8285  [3, 272, 44, 350] Score: 0.2047 
Frame99 [-2, 243, 100, 482] Score: 0.9919  [176, 124, 263, 342] Score: 0.8112  [298, 38, 333, 153] Score: 0.7275  [3, 273, 47, 355] Score: 0.1453  [0, 322, 5, 339] Score: 0.1196  [0, 336, 8, 345] Score: 0.1010 
Frame100 [-2, 255, 92, 480] Score: 0.9938  [166, 126, 267, 343] Score: 0.7951  [302, 56, 333, 152] Score: 0.7827  [2, 275, 37, 359] Score: 0.2216  [1, 317, 18, 351] Score: 0.1626 
Frame101 [2, 262, 83, 482] Score: 0.9930  [303, 41, 333, 150] Score: 0.8520  [166, 122, 268, 347] Score: 0.7607 
Frame102 [-1, 263, 71, 483] Score: 0.9944  [169, 123, 270, 342] Score: 0.9351  [300, 37, 335, 152] Score: 0.7091  [2, 289, 39, 375] Score: 0.1736  [19, 250, 209, 473] Score: 0.1035 
Frame103 [-0, 291, 76, 482] Score: 0.9907  [168, 124, 270, 346] Score: 0.9507  [302, 34, 334, 154] Score: 0.5824  [22, 272, 204, 472] Score: 0.1293  [1, 301, 25, 391] Score: 0.1133 
Frame104 [-1, 293, 72, 480] Score: 0.9895  [165, 123, 269, 347] Score: 0.8974  [306, 46, 334, 152] Score: 0.6754 
Frame105 [-2, 310, 63, 481] Score: 0.9914  [168, 125, 273, 359] Score: 0.9206  [308, 40, 335, 152] Score: 0.6974 
Frame106 [-1, 308, 57, 479] Score: 0.9859  [164, 128, 271, 365] Score: 0.9804  [310, 35, 335, 145] Score: 0.2055 
Frame107 [166, 132, 271, 370] Score: 0.9809  [2, 280, 59, 478] Score: 0.6518 
Frame108 [166, 125, 273, 361] Score: 0.9061  [-3, 316, 54, 481] Score: 0.4717 
Frame109 [166, 132, 273, 358] Score: 0.9485  [4, 330, 50, 479] Score: 0.4387 
Frame110 [166, 138, 273, 369] Score: 0.9924  [-1, 347, 47, 478] Score: 0.4330  [211, 140, 236, 154] Score: 0.1034 
Frame111 [161, 142, 271, 377] Score: 0.9846  [-2, 353, 44, 481] Score: 0.1681 
Frame112 [159, 139, 270, 380] Score: 0.9523  [-4, 357, 47, 482] Score: 0.5373 
Frame113 [168, 126, 271, 381] Score: 0.8543  [-1, 362, 45, 480] Score: 0.6066 
Frame114 [164, 127, 267, 373] Score: 0.8147  [-2, 377, 47, 479] Score: 0.6563  [200, 157, 229, 181] Score: 0.1055 
Frame115 [164, 139, 269, 385] Score: 0.9236  [-2, 372, 52, 478] Score: 0.8928  [0, 392, 17, 436] Score: 0.1297 
Frame116 [158, 143, 276, 390] Score: 0.9182  [-2, 394, 53, 478] Score: 0.6297 
Frame117 [157, 140, 274, 381] Score: 0.9375  [-2, 400, 55, 477] Score: 0.9138  [0, 410, 25, 449] Score: 0.5949 
Frame118 [156, 143, 274, 395] Score: 0.9890  [-3, 409, 56, 478] Score: 0.9495  [201, 158, 212, 181] Score: 0.1420 
Frame119 [154, 144, 279, 398] Score: 0.9065  [-2, 413, 55, 477] Score: 0.7514 
Frame120 [150, 131, 280, 404] Score: 0.4920  [-1, 423, 49, 478] Score: 0.1860  [202, 148, 228, 166] Score: 0.1120 
Frame121 [148, 136, 282, 394] Score: 0.5987  [-0, 403, 46, 475] Score: 0.2659 
Frame122 [151, 148, 276, 398] Score: 0.9088  [0, 400, 39, 477] Score: 0.2912 
Frame123 [160, 156, 264, 360] Score: 0.8297  [1, 413, 33, 478] Score: 0.2441 
Frame124 [167, 161, 265, 372] Score: 0.9482 
Frame125 [155, 155, 280, 377] Score: 0.9313 
Frame126 [153, 162, 269, 396] Score: 0.9918  [212, 164, 238, 184] Score: 0.1886  [202, 160, 241, 224] Score: 0.1071 
Frame127 [152, 158, 275, 412] Score: 0.9691  [210, 166, 239, 186] Score: 0.1253 
Frame128 [162, 162, 275, 408] Score: 0.9823 
Frame129 [155, 165, 276, 418] Score: 0.9881  [209, 166, 239, 186] Score: 0.1372 
Frame130 [153, 162, 283, 414] Score: 0.9809 
Frame131 [160, 162, 282, 427] Score: 0.9775  [196, 162, 242, 228] Score: 0.1228 
Frame132 [146, 153, 288, 435] Score: 0.9363 
Frame133 [143, 170, 283, 453] Score: 0.9935  [199, 165, 237, 235] Score: 0.1102 
Frame134 [155, 167, 283, 459] Score: 0.9841 
Frame135 [154, 167, 285, 471] Score: 0.9934  [198, 174, 230, 196] Score: 0.1052 
Frame136 [158, 171, 276, 468] Score: 0.9870 
Frame137 [153, 180, 278, 473] Score: 0.9946 
Frame138 [146, 180, 278, 473] Score: 0.9961 
Frame139 [140, 183, 277, 471] Score: 0.9948  [169, 160, 507, 478] Score: 0.1013 
Frame140 [137, 179, 273, 477] Score: 0.9907  [165, 159, 516, 478] Score: 0.1131 
Frame141 [131, 182, 279, 475] Score: 0.9874 
Frame142 [132, 184, 285, 471] Score: 0.9739 
Frame143 [142, 186, 271, 470] Score: 0.9820 
Frame144 [121, 191, 288, 472] Score: 0.9799 
Frame145 [129, 189, 270, 474] Score: 0.9387  [160, 170, 546, 474] Score: 0.1240  [179, 187, 222, 265] Score: 0.1172 
Frame146 [115, 188, 283, 472] Score: 0.9927  [180, 189, 223, 268] Score: 0.1793  [184, 194, 220, 222] Score: 0.1403  [160, 171, 545, 476] Score: 0.1030 
Frame147 [124, 193, 283, 471] Score: 0.9945  [180, 193, 223, 269] Score: 0.1702  [0, 141, 9, 214] Score: 0.1011 
Frame148 [128, 200, 278, 475] Score: 0.9949  [1, 134, 28, 223] Score: 0.4842  [199, 200, 221, 229] Score: 0.1168  [172, 193, 227, 277] Score: 0.1102 
Frame149 [121, 197, 289, 473] Score: 0.9938  [1, 125, 31, 224] Score: 0.7734  [183, 202, 252, 246] Score: 0.1495  [7, 41, 65, 216] Score: 0.1219 
Frame150 [125, 198, 288, 474] Score: 0.9953  [0, 124, 32, 225] Score: 0.8305  [182, 208, 226, 270] Score: 0.1359 
Frame151 [111, 210, 307, 469] Score: 0.9967  [0, 121, 31, 228] Score: 0.8777  [0, 138, 11, 206] Score: 0.1336 
Frame152 [125, 216, 295, 476] Score: 0.9942  [-0, 133, 31, 225] Score: 0.9554  [0, 142, 12, 205] Score: 0.4150  [7, 141, 28, 155] Score: 0.2509 
Frame153 [126, 218, 288, 474] Score: 0.9964  [-0, 131, 28, 226] Score: 0.9418  [189, 213, 232, 301] Score: 0.1633  [0, 141, 12, 206] Score: 0.1470  [204, 219, 228, 252] Score: 0.1422  [3, 87, 24, 145] Score: 0.1303 
Frame154 [134, 220, 284, 469] Score: 0.9970  [-0, 135, 24, 223] Score: 0.9433  [13, 143, 23, 153] Score: 0.2190  [193, 219, 231, 254] Score: 0.1314  [176, 213, 235, 308] Score: 0.1030  [160, 202, 535, 474] Score: 0.1027 
Frame155 [122, 223, 299, 467] Score: 0.9976  [-1, 133, 22, 228] Score: 0.9722 
Frame156 [131, 219, 290, 471] Score: 0.9972  [-1, 135, 22, 226] Score: 0.9621  [189, 213, 231, 309] Score: 0.1566 
Frame157 [123, 223, 299, 472] Score: 0.9965  [0, 94, 22, 229] Score: 0.9700  [185, 214, 233, 311] Score: 0.1018 
Frame158 [121, 225, 297, 475] Score: 0.9982  [-1, 124, 32, 230] Score: 0.9449 
Frame159 [128, 223, 281, 478] Score: 0.9987  [-0, 94, 37, 238] Score: 0.8624 
Frame160 [129, 230, 282, 473] Score: 0.9987  [1, 88, 33, 231] Score: 0.9416 
Frame161 [127, 235, 279, 473] Score: 0.9985  [1, 103, 34, 235] Score: 0.8356  [162, 202, 550, 480] Score: 0.1574 
Frame162 [113, 232, 285, 472] Score: 0.9979  [1, 89, 36, 235] Score: 0.7870 
Frame163 [115, 247, 276, 472] Score: 0.9977  [0, 93, 34, 232] Score: 0.9424  [0, 144, 7, 225] Score: 0.1492  [1, 104, 55, 147] Score: 0.1437  [0, 86, 16, 101] Score: 0.1265  [153, 202, 558, 479] Score: 0.1184  [165, 243, 219, 348] Score: 0.1072 
Frame164 [116, 248, 289, 473] Score: 0.9965  [0, 89, 35, 235] Score: 0.9083  [0, 86, 15, 100] Score: 0.1755  [3, 93, 66, 146] Score: 0.1740  [160, 248, 228, 336] Score: 0.1339  [8, 159, 26, 227] Score: 0.1172  [0, 95, 28, 122] Score: 0.1076 
Frame165 [112, 252, 286, 476] Score: 0.9968  [0, 83, 35, 234] Score: 0.9769  [0, 89, 15, 100] Score: 0.2903  [1, 94, 58, 145] Score: 0.2116  [0, 97, 19, 116] Score: 0.1925 
Frame166 [106, 257, 277, 479] Score: 0.9966  [0, 94, 37, 232] Score: 0.9786  [3, 88, 14, 97] Score: 0.3300  [1, 99, 19, 117] Score: 0.2326 
Frame167 [105, 262, 275, 480] Score: 0.9973  [-0, 94, 36, 233] Score: 0.9847  [3, 87, 15, 93] Score: 0.4067  [1, 99, 18, 117] Score: 0.2187  [151, 257, 208, 349] Score: 0.1806  [1, 95, 29, 133] Score: 0.1134 
Frame168 [98, 260, 275, 479] Score: 0.9981  [-0, 91, 37, 232] Score: 0.9786  [2, 87, 16, 97] Score: 0.3222  [1, 83, 19, 117] Score: 0.3114  [0, 115, 9, 232] Score: 0.2826  [152, 262, 200, 309] Score: 0.2631  [1, 111, 17, 118] Score: 0.1279 
Frame169 [94, 256, 277, 482] Score: 0.9940  [-1, 87, 39, 233] Score: 0.9785  [1, 86, 15, 118] Score: 0.3352  [1, 110, 38, 148] Score: 0.1047 
Frame170 [88, 263, 275, 481] Score: 0.9951  [-1, 85, 34, 234] Score: 0.9766  [1, 93, 10, 101] Score: 0.2938  [1, 92, 18, 118] Score: 0.2922  [144, 260, 204, 354] Score: 0.1405 
Frame171 [86, 269, 292, 478] Score: 0.9972  [-1, 89, 37, 235] Score: 0.9914  [0, 86, 16, 102] Score: 0.3231  [145, 263, 203, 359] Score: 0.2052  [0, 91, 5, 102] Score: 0.1578 
Frame172 [83, 276, 278, 485] Score: 0.9915  [-1, 115, 36, 234] Score: 0.9884  [1, 98, 20, 121] Score: 0.2551 
Frame173 [68, 276, 295, 480] Score: 0.9964  [1, 114, 35, 233] Score: 0.9858  [0, 91, 16, 107] Score: 0.2737  [1, 97, 19, 123] Score: 0.2285 
Frame174 [90, 293, 274, 482] Score: 0.9938  [-0, 112, 35, 233] Score: 0.9821  [0, 85, 16, 100] Score: 0.2404  [1, 97, 19, 117] Score: 0.2094  [7, 44, 63, 238] Score: 0.2082 
Frame175 [77, 295, 274, 482] Score: 0.9953  [1, 83, 37, 236] Score: 0.9805  [1, 86, 20, 119] Score: 0.2115  [15, 86, 19, 99] Score: 0.1769 
Frame176 [79, 304, 283, 478] Score: 0.9844  [0, 91, 38, 234] Score: 0.9772  [0, 88, 16, 96] Score: 0.3024  [1, 128, 13, 229] Score: 0.2983  [1, 86, 19, 119] Score: 0.2170 
Frame177 [0, 89, 38, 233] Score: 0.9709  [79, 313, 276, 481] Score: 0.9388  [1, 135, 14, 222] Score: 0.1641  [1, 99, 19, 119] Score: 0.1517  [0, 88, 16, 104] Score: 0.1482 
Frame178 [-0, 111, 35, 233] Score: 0.9741  [90, 327, 280, 474] Score: 0.9657  [1, 85, 28, 125] Score: 0.2377  [11, 85, 19, 101] Score: 0.2341  [0, 86, 16, 102] Score: 0.1629 
Frame179 [148, 330, 281, 480] Score: 0.9676  [0, 121, 33, 232] Score: 0.9500  [2, 86, 41, 167] Score: 0.1568  [0, 86, 20, 123] Score: 0.1400 
Frame180 [94, 340, 295, 475] Score: 0.9752  [0, 121, 35, 232] Score: 0.9181  [16, 86, 19, 101] Score: 0.1681  [1, 86, 23, 171] Score: 0.1509  [164, 319, 241, 448] Score: 0.1507  [4, 80, 67, 159] Score: 0.1033 
Frame181 [79, 332, 266, 475] Score: 0.9665  [-0, 116, 36, 232] Score: 0.9304  [167, 321, 510, 471] Score: 0.2506  [16, 84, 19, 106] Score: 0.1690  [4, 79, 64, 160] Score: 0.1497  [0, 84, 16, 106] Score: 0.1080 
Frame182 [84, 343, 291, 476] Score: 0.9929  [0, 121, 32, 233] Score: 0.9053  [159, 327, 509, 472] Score: 0.2659  [7, 37, 67, 237] Score: 0.1546  [0, 90, 16, 104] Score: 0.1397  [0, 99, 20, 120] Score: 0.1103 
Frame183 [87, 352, 290, 476] Score: 0.9906  [1, 83, 36, 235] Score: 0.9308  [160, 327, 509, 471] Score: 0.2591  [1, 83, 20, 123] Score: 0.1710  [7, 98, 42, 124] Score: 0.1059 
Frame184 [84, 334, 256, 473] Score: 0.9660  [1, 83, 31, 233] Score: 0.9196  [133, 322, 509, 469] Score: 0.3130  [4, 87, 15, 104] Score: 0.1770  [1, 99, 20, 124] Score: 0.1550  [168, 340, 227, 403] Score: 0.1372 
Frame185 [79, 361, 291, 476] Score: 0.9926  [1, 81, 32, 234] Score: 0.9334  [1, 91, 19, 103] Score: 0.1935 
Frame186 [80, 348, 279, 474] Score: 0.9883  [1, 84, 33, 229] Score: 0.9057  [142, 337, 497, 470] Score: 0.2509  [1, 96, 19, 167] Score: 0.2460  [5, 84, 19, 105] Score: 0.2258 
Frame187 [86, 372, 268, 475] Score: 0.9655  [1, 86, 33, 232] Score: 0.8975  [149, 342, 518, 470] Score: 0.3703  [1, 91, 15, 102] Score: 0.2399  [1, 100, 19, 118] Score: 0.2331 
Frame188 [148, 381, 268, 477] Score: 0.9632  [2, 89, 34, 231] Score: 0.9149  [1, 99, 27, 146] Score: 0.2809  [1, 89, 15, 102] Score: 0.2556  [164, 352, 571, 469] Score: 0.1594  [17, 365, 232, 474] Score: 0.1475 
Frame189 [149, 390, 232, 478] Score: 0.9643  [2, 88, 36, 231] Score: 0.9413  [1, 100, 18, 115] Score: 0.3885  [1, 91, 20, 102] Score: 0.1906  [2, 78, 29, 121] Score: 0.1019 
Frame190 [145, 404, 257, 477] Score: 0.9689  [2, 91, 39, 233] Score: 0.9486 
Frame191 [142, 414, 214, 470] Score: 0.9696  [2, 93, 40, 231] Score: 0.9661  [134, 460, 212, 478] Score: 0.1199 
Frame192 [142, 416, 213, 476] Score: 0.9080  [3, 86, 40, 231] Score: 0.8951  [1, 112, 11, 228] Score: 0.1175 
Frame193 [4, 106, 56, 230] Score: 0.9751  [1, 129, 15, 228] Score: 0.1752  [132, 418, 226, 476] Score: 0.1086 
Frame194 [2, 91, 40, 231] Score: 0.9573  [1, 119, 9, 221] Score: 0.2329 
Frame195 [2, 92, 45, 235] Score: 0.9744  [1, 107, 10, 228] Score: 0.1395  [5, 72, 17, 91] Score: 0.1137 
Frame196 [2, 89, 46, 232] Score: 0.9693  [0, 136, 4, 157] Score: 0.1007 
Frame197 [2, 72, 45, 228] Score: 0.9706  [5, 73, 17, 91] Score: 0.1380 
Frame198 [2, 68, 48, 226] Score: 0.9826  [2, 100, 13, 224] Score: 0.1481  [5, 74, 18, 90] Score: 0.1119  [1, 82, 15, 101] Score: 0.1055 
Frame199 [1, 66, 51, 229] Score: 0.9828  [0, 88, 14, 101] Score: 0.1644  [2, 85, 13, 226] Score: 0.1201 
Frame200 [0, 54, 50, 229] Score: 0.9582  [1, 66, 13, 229] Score: 0.5774  [4, 75, 18, 93] Score: 0.2222  [0, 76, 5, 84] Score: 0.1089 
Frame201 [2, 65, 52, 230] Score: 0.9706  [28, 107, 53, 144] Score: 0.3085  [16, 91, 27, 109] Score: 0.1752  [2, 82, 42, 121] Score: 0.1750  [5, 74, 23, 93] Score: 0.1656  [18, 82, 24, 86] Score: 0.1473  [1, 82, 17, 102] Score: 0.1241 
Frame202 [1, 57, 54, 231] Score: 0.9796  [1, 76, 42, 126] Score: 0.2681  [17, 77, 27, 114] Score: 0.1720 
Frame203 [-0, 58, 42, 235] Score: 0.9821  [16, 84, 23, 91] Score: 0.1026 
Frame204 [-1, 57, 41, 232] Score: 0.9812  [24, 88, 45, 171] Score: 0.1110 
Frame205 [-2, 66, 57, 229] Score: 0.9599  [0, 90, 14, 215] Score: 0.6079 
Frame206 [-1, 81, 56, 226] Score: 0.9758 
Frame207 [-3, 87, 44, 236] Score: 0.9900  [0, 108, 10, 206] Score: 0.4681  [0, 122, 5, 165] Score: 0.1139 
Frame208 [-2, 90, 42, 234] Score: 0.9912  [-0, 121, 6, 166] Score: 0.1177  [18, 89, 31, 101] Score: 0.1143 
Frame209 [-1, 92, 40, 234] Score: 0.9894 
Frame210 [-2, 93, 35, 234] Score: 0.9905 
Frame211 [-1, 91, 35, 234] Score: 0.9912 
Frame212 [-0, 84, 45, 227] Score: 0.9384  [1, 108, 13, 213] Score: 0.4716  [0, 128, 5, 178] Score: 0.2786 
Frame213 [-1, 90, 33, 233] Score: 0.9926  [21, 87, 42, 223] Score: 0.1510 
Frame214 [0, 80, 34, 234] Score: 0.9888 
Frame215 [-2, 96, 40, 233] Score: 0.9866 
Frame216 [-1, 90, 39, 233] Score: 0.9934 
Frame217 [-1, 91, 33, 236] Score: 0.9924  [0, 71, 19, 94] Score: 0.1181 
Frame218 [-1, 92, 37, 236] Score: 0.9895 
Frame219 [-1, 82, 31, 238] Score: 0.9810 
Frame220 [-2, 93, 36, 235] Score: 0.9871 
Frame221 [-1, 94, 31, 229] Score: 0.9859 
Frame222 [-1, 95, 30, 236] Score: 0.9901 
Frame223 [-1, 95, 28, 235] Score: 0.9912 
Frame224 [-1, 95, 27, 227] Score: 0.9914 
Frame225 [-1, 95, 32, 234] Score: 0.9876 
Frame226 [-1, 94, 31, 234] Score: 0.9889 
Frame227 [-1, 95, 32, 233] Score: 0.9897 
Frame228 [-1, 88, 32, 231] Score: 0.9919  [25, 30, 64, 119] Score: 0.2273 
Frame229 [-0, 80, 25, 236] Score: 0.9754  [52, 49, 56, 58] Score: 0.3090 
Frame230 [0, 77, 27, 231] Score: 0.9734 
Frame231 [-1, 67, 29, 234] Score: 0.9549 
Frame232 [-0, 63, 31, 233] Score: 0.9561 
Frame233 [0, 73, 31, 232] Score: 0.9747 
Frame234 [0, 80, 30, 231] Score: 0.9753 
Frame235 [0, 84, 26, 229] Score: 0.9802  [6, 97, 26, 132] Score: 0.2597  [-0, 96, 12, 179] Score: 0.1549 
Frame236 [-0, 83, 22, 230] Score: 0.9723 
Frame237 [0, 87, 22, 228] Score: 0.9684  [6, 107, 26, 160] Score: 0.2256 
Frame238 [1, 73, 21, 227] Score: 0.9042  [6, 107, 18, 128] Score: 0.1992  [7, 106, 26, 151] Score: 0.1559 
Frame239 [1, 75, 20, 224] Score: 0.7753 
Frame240 [2, 76, 29, 221] Score: 0.4231 
Frame241 [1, 103, 14, 225] Score: 0.1194  [0, 124, 6, 154] Score: 0.1012 
Frame242 [1, 114, 13, 225] Score: 0.1003 
Frame243 [2, 127, 23, 224] Score: 0.2270 
Frame244 [2, 93, 24, 142] Score: 0.1229 
Frame245 [2, 104, 22, 141] Score: 0.1633  [2, 126, 35, 224] Score: 0.1500 
Frame246
Frame247 [2, 106, 22, 140] Score: 0.3407 
Frame248 [2, 105, 23, 140] Score: 0.3990 
Frame249 [1, 107, 21, 138] Score: 0.3518  [1, 129, 22, 142] Score: 0.2292 
Frame250 [2, 69, 23, 141] Score: 0.1503 
Frame251 [1, 67, 22, 137] Score: 0.4948 
Frame252 [6, 102, 23, 137] Score: 0.3104  [5, 21, 56, 145] Score: 0.1471 
Frame253 [1, 76, 22, 150] Score: 0.2017  [6, 107, 22, 129] Score: 0.1425 
Frame254 [1, 80, 22, 151] Score: 0.4071  [3, 105, 22, 127] Score: 0.2705  [0, 132, 1, 144] Score: 0.1743 
Frame255 [12, 116, 21, 129] Score: 0.2143  [2, 114, 23, 152] Score: 0.1689 
Frame256
Frame257
Frame258
Frame259
Frame260
Frame261
Frame262
Frame263
Frame264
Frame265
Frame266
Frame267 [2, 96, 22, 141] Score: 0.1966 
Frame268
Frame269
Frame270 [26, 50, 49, 82] Score: 0.1272 
Frame271
Frame272 [28, 50, 48, 69] Score: 0.1258 
Frame273 [45, 56, 53, 61] Score: 0.1554 
Frame274 [27, 50, 43, 69] Score: 0.1267  [9, 24, 51, 112] Score: 0.1199  [16, 50, 35, 78] Score: 0.1188 
Frame275 [15, 25, 50, 115] Score: 0.5427 
Frame276 [15, 24, 51, 116] Score: 0.5407 
Frame277 [18, 28, 67, 135] Score: 0.6662  [26, 41, 49, 100] Score: 0.2498  [2, 20, 23, 148] Score: 0.1812  [51, 27, 68, 120] Score: 0.1119 
Frame278 [7, 14, 57, 134] Score: 0.5724  [26, 45, 42, 90] Score: 0.2288 
Frame279 [13, 19, 52, 105] Score: 0.9605  [40, 28, 54, 94] Score: 0.5060  [18, 47, 44, 80] Score: 0.3422  [4, 14, 23, 149] Score: 0.1161 
Frame280 [12, 13, 56, 102] Score: 0.8719  [36, 30, 54, 92] Score: 0.2073  [1, 73, 24, 143] Score: 0.1005 
Frame281 [50, 21, 67, 112] Score: 0.3405  [16, 14, 69, 132] Score: 0.2033 
Frame282 [50, 20, 68, 110] Score: 0.7567  [37, 30, 52, 99] Score: 0.6141  [20, 14, 70, 132] Score: 0.1695 
Frame283 [49, 28, 67, 112] Score: 0.5236  [15, 13, 69, 135] Score: 0.1747 
Frame284 [10, 12, 64, 136] Score: 0.4700  [50, 16, 67, 115] Score: 0.2530 
Frame285 [49, 25, 69, 117] Score: 0.2162  [15, 9, 71, 135] Score: 0.1442 
Frame286
Frame287
Frame288
Frame289
Frame290
Frame291
Frame292
Frame293
Frame294
Frame295
Frame296
Frame297
Frame298
Frame299
Frame300
Frame301 [52, 37, 58, 68] Score: 0.2043  [42, 48, 52, 65] Score: 0.1178  [30, 39, 68, 107] Score: 0.1063 
Frame302
Frame303
Frame304 [38, 30, 69, 131] Score: 0.1089 
Frame305 [24, 21, 69, 132] Score: 0.4678  [43, 38, 65, 99] Score: 0.2415 
Frame306 [32, 24, 75, 136] Score: 0.3771 
Frame307 [34, 21, 74, 143] Score: 0.3608  [47, 39, 70, 94] Score: 0.1352 
Frame308 [27, 47, 69, 99] Score: 0.3841 
Frame309 [38, 27, 68, 132] Score: 0.5761 
Frame310 [49, 35, 70, 114] Score: 0.2230  [41, 49, 53, 65] Score: 0.1134 
Frame311 [45, 47, 52, 64] Score: 0.1514 
Frame312
Frame313 [40, 25, 60, 99] Score: 0.3094 
Frame314
Frame315
Frame316
Frame317
Frame318
Frame319 [36, 33, 65, 98] Score: 0.1521 
Frame320 [35, 35, 65, 87] Score: 0.2018 
Frame321 [37, 30, 63, 91] Score: 0.1014 
Frame322
Frame323
Frame324
Frame325
Frame326
Frame327
Frame328
Frame329
Frame330
Frame331
Frame332
Frame333
Frame334
Frame335
Frame336
Frame337 [2, 78, 23, 143] Score: 0.1533 
Frame338 [2, 90, 22, 152] Score: 0.1421  [23, 109, 37, 138] Score: 0.1196 
Frame339 [23, 116, 36, 141] Score: 0.1139 
Frame340
Frame341 [22, 96, 37, 137] Score: 0.1056 
Frame342 [2, 94, 22, 153] Score: 0.1200 
Frame343
Frame344
Frame345
Frame346
Frame347
Frame348
Frame349
Frame350
Frame351
Frame352
Frame353
Frame354
Frame355
Frame356
Frame357
Frame358
Frame359
Frame360
Frame361
Frame362
Frame363
Frame364
Frame365
Frame366
Frame367
Frame368
Frame369
Frame370
Frame371
Frame372
Frame373
Frame374
Frame375
Frame376
Frame377
Frame378
Frame379
Frame380
Frame381
Frame382
Frame383
Frame384
Frame385
Frame386
Frame387
Frame388
Frame389
Frame390
Frame391
Frame392
Frame393
Frame394
Frame395
Frame396
Frame397
Frame398
Frame399
Frame400
Frame401
Frame402
Frame403
Frame404
Frame405
Frame406
Frame407
Frame408
Frame409
Frame410
Frame411
Frame412
Frame413
Frame414
Frame415
Frame416
Frame417
Frame418
Frame419
Frame420
Frame421
Frame422
Frame423
Frame424
Frame425
Frame426
Frame427
Frame428
Frame429
Frame430
Frame431
Frame432
Frame433
Frame434
Frame435
Frame436
Frame437
Frame438
Frame439
Frame440
Frame441
Frame442
Frame443
Frame444
Frame445
Frame446
Frame447
Frame448
Frame449
Frame450
Frame451
Frame452
Frame453
Frame454
Frame455
Frame456
Frame457
Frame458
Frame459
Frame460
Frame461
Frame462
Frame463
Frame464
Frame465
Frame466
Frame467
Frame468
Frame469
Frame470
Frame471
Frame472
Frame473
Frame474
Frame475
Frame476
Frame477
Frame478
Frame479
Frame480
Frame481
Frame482
Frame483
Frame484
Frame485
Frame486
Frame487
Frame488
Frame489
Frame490
Frame491
Frame492
Frame493
Frame494
Frame495
Frame496
Frame497
Frame498
Frame499
Frame500
Frame501
Frame502
Frame503
Frame504
Frame505
Frame506
Frame507
Frame508
Frame509
Frame510
Frame511
Frame512
Frame513
Frame514
Frame515
Frame516
Frame517
Frame518
Frame519
Frame520
Frame521
Frame522
Frame523
Frame524
Frame525
Frame526
Frame527
Frame528
Frame529
Frame530
Frame531
Frame532
Frame533
Frame534
Frame535
Frame536
Frame537
Frame538
Frame539
Frame540
Frame541
Frame542
Frame543
Frame544
Frame545
Frame546
Frame547
Frame548
Frame549
Frame550
Frame551
Frame552
Frame553
Frame554
Frame555
Frame556
Frame557
Frame558
Frame559
Frame560
Frame561
Frame562
Frame563
Frame564
Frame565
Frame566
Frame567
Frame568
Frame569
Frame570
Frame571
Frame572
Frame573
Frame574
Frame575
Frame576
Frame577
Frame578
Frame579
Frame580
Frame581
Frame582
Frame583
Frame584
Frame585
Frame586
Frame587
Frame588
Frame589
Frame590
Frame591
Frame592
Frame593
Frame594
Frame595
Frame596
Frame597
Frame598
Frame599
Frame600
Frame601
Frame602
Frame603
Frame604
Frame605
Frame606
Frame607
Frame608
Frame609
Frame610
Frame611
Frame612
Frame613
Frame614
Frame615
Frame616
Frame617
Frame618
Frame619
Frame620
Frame621
Frame622
Frame623
Frame624
Frame625
Frame626
Frame627
Frame628
Frame629
Frame630
Frame631
Frame632
Frame633
Frame634
Frame635
Frame636
Frame637
Frame638
Frame639
Frame640
Frame641
Frame642
Frame643
Frame644
Frame645
Frame646
Frame647
Frame648
Frame649
Frame650
Frame651
Frame652
Frame653
Frame654
Frame655
Frame656
Frame657
Frame658
Frame659
Frame660
Frame661
Frame662
Frame663
Frame664
Frame665
Frame666
Frame667
Frame668
Frame669
Frame670
Frame671
Frame672
Frame673
Frame674
Frame675
Frame676
Frame677
Frame678
Frame679
Frame680
Frame681
Frame682
Frame683
Frame684
Frame685
Frame686
Frame687
Frame688
Frame689
Frame690
Frame691
Frame692
Frame693
Frame694
Frame695
Frame696
Frame697
Frame698
Frame699
Frame700
Frame701
Frame702
Frame703
Frame704
Frame705
Frame706
Frame707
Frame708
Frame709
Frame710
Frame711
Frame712
Frame713
Frame714
Frame715
Frame716
Frame717
Frame718
Frame719
Frame720
Frame721
Frame722
Frame723
Frame724
Frame725
Frame726
Frame727
Frame728
Frame729
Frame730
Frame731
Frame732
Frame733
Frame734
Frame735
Frame736
Frame737
Frame738
Frame739
Frame740
Frame741
Frame742
Frame743
Frame744
Frame745
Frame746
Frame747
Frame748
Frame749
Frame750
Frame751
Frame752
Frame753
Frame754
Frame755
Frame756
Frame757
Frame758
Frame759
Frame760
Frame761
Frame762
Frame763
Frame764
Frame765
Frame766
Frame767
Frame768
Frame769
Frame770
Frame771
Frame772
Frame773
Frame774
Frame775
Frame776
Frame777
Frame778
Frame779
Frame780
Frame781
Frame782
Frame783
Frame784
Frame785
Frame786
Frame787
Frame788
Frame789
Frame790
Frame791
Frame792
Frame793
Frame794
Frame795
Frame796
Frame797
Frame798
Frame799
Frame800
Frame801
Frame802
Frame803
Frame804
Frame805
Frame806
Frame807
Frame808
Frame809
Frame810
Frame811
Frame812
Frame813
Frame814
Frame815
Frame816
Frame817
Frame818
Frame819
Frame820
Frame821
Frame822
Frame823
Frame824
Frame825
Frame826
Frame827
Frame828
Frame829
Frame830
Frame831
Frame832
Frame833
Frame834
Frame835
Frame836
Frame837
Frame838
Frame839
Frame840
Frame841
Frame842
Frame843
Frame844
Frame845
Frame846
Frame847
Frame848
Frame849
Frame850
Frame851
Frame852
Frame853
Frame854
Frame855
Frame856
Frame857
Frame858
Frame859
Frame860
Frame861
Frame862
Frame863
Frame864
Frame865
Frame866
Frame867
Frame868
Frame869
Frame870
Frame871
Frame872
Frame873
Frame874
Frame875
Frame876
Frame877
Frame878
Frame879
Frame880
Frame881
Frame882
Frame883
Frame884
Frame885
Frame886
Frame887
Frame888
Frame889
Frame890
Frame891
Frame892
Frame893
Frame894
Frame895
Frame896
Frame897
Frame898
Frame899
Frame900
Frame901
Frame902
Frame903
Frame904
Frame905
Frame906
Frame907
Frame908
Frame909
Frame910
Frame911
Frame912
Frame913
Frame914
Frame915
Frame916
Frame917
Frame918
Frame919
Frame920
Frame921
Frame922
Frame923
Frame924
Frame925
Frame926
Frame927
Frame928
Frame929
Frame930
Frame931
Frame932
Frame933
Frame934
Frame935
Frame936
Frame937
Frame938
Frame939
Frame940
Frame941
Frame942
Frame943
Frame944
Frame945
Frame946
Frame947
Frame948
Frame949
Frame950
Frame951
Frame952
Frame953
Frame954
Frame955
Frame956
Frame957
Frame958
Frame959
Frame960
Frame961
Frame962
Frame963
Frame964
Frame965
Frame966
Frame967
Frame968
Frame969
Frame970
Frame971
Frame972
Frame973
Frame974
Frame975
Frame976
Frame977
Frame978
Frame979
Frame980
Frame981
Frame982
Frame983
Frame984
Frame985
Frame986
Frame987
Frame988
Frame989
Frame990
Frame991
Frame992
Frame993
Frame994
Frame995
Frame996
Frame997
Frame998
Frame999
Frame1000
Frame1001
Frame1002
Frame1003
Frame1004
Frame1005
Frame1006
Frame1007
Frame1008
Frame1009
Frame1010
Frame1011
Frame1012
Frame1013
Frame1014
Frame1015
Frame1016
Frame1017
Frame1018
Frame1019
Frame1020
Frame1021
Frame1022
Frame1023
Frame1024
Frame1025
Frame1026
Frame1027
Frame1028
Frame1029
Frame1030
Frame1031
Frame1032
Frame1033
Frame1034
Frame1035
Frame1036
Frame1037
Frame1038
Frame1039
Frame1040
Frame1041
Frame1042
Frame1043
Frame1044
Frame1045
Frame1046
Frame1047
Frame1048
Frame1049
Frame1050
Frame1051
Frame1052
Frame1053
Frame1054
Frame1055
Frame1056
Frame1057
Frame1058
Frame1059
Frame1060
Frame1061
Frame1062
Frame1063
Frame1064
Frame1065
Frame1066
Frame1067
Frame1068
Frame1069
Frame1070
Frame1071
Frame1072
Frame1073
Frame1074
Frame1075
Frame1076 [3, 140, 13, 150] Score: 0.1050 
Frame1077 [2, 141, 19, 157] Score: 0.1082 
Frame1078 [0, 138, 5, 159] Score: 0.1149  [0, 121, 1, 144] Score: 0.1146 
Frame1079 [0, 92, 12, 198] Score: 0.7023  [1, 111, 8, 141] Score: 0.2588  [2, 18, 22, 196] Score: 0.1587  [4, 110, 21, 146] Score: 0.1316 
Frame1080 [0, 98, 11, 180] Score: 0.1581 
Frame1081 [-0, 97, 21, 194] Score: 0.6122  [1, 108, 10, 141] Score: 0.1277 
Frame1082 [-0, 96, 23, 194] Score: 0.7411  [-0, 128, 12, 180] Score: 0.1008 
Frame1083 [-1, 124, 31, 198] Score: 0.5956 
Frame1084 [0, 73, 17, 193] Score: 0.5973  [-1, 122, 45, 187] Score: 0.1533 
Frame1085 [-0, 99, 27, 196] Score: 0.8718 
Frame1086 [0, 97, 32, 196] Score: 0.9331 
Frame1087 [1, 84, 31, 200] Score: 0.9448 
Frame1088 [1, 78, 21, 202] Score: 0.9215 
Frame1089 [-0, 101, 36, 192] Score: 0.9409 
Frame1090 [1, 81, 27, 204] Score: 0.9402 
Frame1091 [3, 29, 40, 207] Score: 0.7332  [-1, 126, 24, 188] Score: 0.5534 
Frame1092 [-1, 108, 32, 201] Score: 0.8231 
Frame1093 [-1, 96, 38, 199] Score: 0.9194 
Frame1094 [-1, 114, 32, 200] Score: 0.9021  [3, 34, 59, 215] Score: 0.1484  [3, 156, 24, 187] Score: 0.1204 
Frame1095 [-0, 104, 32, 202] Score: 0.9289 
Frame1096 [-1, 102, 33, 214] Score: 0.7468 
Frame1097 [-2, 98, 58, 195] Score: 0.9114  [0, 107, 18, 177] Score: 0.1684 
Frame1098 [-0, 98, 40, 196] Score: 0.9349  [6, 116, 39, 145] Score: 0.2337 
Frame1099 [2, 96, 40, 198] Score: 0.9643 
Frame1100 [3, 93, 40, 194] Score: 0.9508 
Frame1101 [3, 98, 39, 199] Score: 0.9649  [0, 114, 41, 144] Score: 0.1023 
Frame1102 [4, 70, 44, 202] Score: 0.8554  [7, 115, 25, 196] Score: 0.4654 
Frame1103 [4, 71, 46, 207] Score: 0.9719 
Frame1104 [5, 71, 47, 212] Score: 0.9714  [12, 69, 41, 86] Score: 0.4709  [6, 71, 42, 115] Score: 0.2157  [5, 109, 25, 179] Score: 0.1579 
Frame1105 [6, 82, 50, 206] Score: 0.9788  [17, 70, 43, 87] Score: 0.3910  [16, 78, 24, 86] Score: 0.3135  [8, 80, 14, 83] Score: 0.2925 
Frame1106 [5, 110, 51, 207] Score: 0.9747  [18, 69, 40, 86] Score: 0.1905  [17, 75, 27, 87] Score: 0.1828 
Frame1107 [9, 78, 54, 207] Score: 0.9847  [17, 71, 21, 76] Score: 0.1955  [18, 69, 41, 85] Score: 0.1509  [7, 79, 22, 86] Score: 0.1191 
Frame1108 [5, 70, 56, 207] Score: 0.9599  [22, 69, 42, 85] Score: 0.3477  [11, 72, 42, 124] Score: 0.1262 
Frame1109 [5, 39, 57, 211] Score: 0.9789 
Frame1110 [4, 69, 51, 207] Score: 0.8522 
Frame1111 [6, 59, 58, 206] Score: 0.9374  [21, 111, 47, 190] Score: 0.4387 
Frame1112 [14, 93, 58, 197] Score: 0.9555 
Frame1113 [15, 83, 60, 204] Score: 0.9507 
Frame1114 [9, 23, 60, 206] Score: 0.9241  [29, 109, 51, 192] Score: 0.4620 
Frame1115 [27, 109, 58, 193] Score: 0.9326  [8, 39, 62, 219] Score: 0.6810 
Frame1116 [26, 106, 56, 190] Score: 0.9100  [9, 44, 64, 219] Score: 0.3480 
Frame1117 [7, 20, 65, 207] Score: 0.4665 
Frame1118 [8, 40, 65, 243] Score: 0.9086 
Frame1119 [29, 109, 58, 207] Score: 0.6111  [8, 41, 67, 215] Score: 0.4310 
Frame1120 [22, 75, 60, 198] Score: 0.6512 
Frame1121 [22, 66, 63, 207] Score: 0.8686 
Frame1122 [13, 49, 77, 235] Score: 0.6072 
Frame1123 [11, 36, 73, 243] Score: 0.6712 
Frame1124 [14, 41, 76, 244] Score: 0.9079 
Frame1125 [11, 33, 73, 241] Score: 0.8242 
Frame1126 [20, 32, 70, 241] Score: 0.8993 
Frame1127 [13, 31, 72, 233] Score: 0.8780 
Frame1128 [27, 27, 69, 240] Score: 0.9085 
Frame1129 [20, 25, 69, 242] Score: 0.8855 
Frame1130 [21, 30, 70, 238] Score: 0.9031 
Frame1131 [28, 26, 72, 227] Score: 0.8764 
Frame1132 [27, 60, 75, 207] Score: 0.9302 
Frame1133 [32, 56, 72, 217] Score: 0.9754  [21, 80, 44, 154] Score: 0.1452  [2, 92, 21, 146] Score: 0.1085 
Frame1134 [30, 68, 73, 196] Score: 0.8518  [17, 104, 42, 156] Score: 0.1562  [2, 93, 20, 144] Score: 0.1325 
Frame1135 [32, 71, 72, 196] Score: 0.8830  [2, 94, 21, 144] Score: 0.1033 
Frame1136 [27, 48, 69, 221] Score: 0.7357  [48, 67, 69, 79] Score: 0.1444  [2, 97, 21, 144] Score: 0.1164 
Frame1137 [20, 55, 71, 210] Score: 0.4875  [22, 104, 41, 143] Score: 0.1885  [39, 70, 75, 102] Score: 0.1014 
Frame1138 [36, 66, 70, 212] Score: 0.9733  [23, 117, 42, 144] Score: 0.1178 
Frame1139 [38, 66, 69, 199] Score: 0.9782  [22, 102, 39, 143] Score: 0.2134  [40, 71, 73, 110] Score: 0.1439 
Frame1140 [38, 66, 69, 209] Score: 0.9727  [22, 83, 40, 148] Score: 0.2392  [23, 117, 37, 140] Score: 0.1651  [40, 68, 63, 106] Score: 0.1076 
Frame1141 [38, 65, 69, 217] Score: 0.9867  [22, 82, 40, 141] Score: 0.2064  [33, 74, 40, 80] Score: 0.1360  [40, 68, 64, 108] Score: 0.1004 
Frame1142 [37, 71, 70, 203] Score: 0.9074  [22, 101, 40, 142] Score: 0.1789  [48, 68, 69, 83] Score: 0.1508  [41, 74, 63, 89] Score: 0.1474  [41, 80, 44, 91] Score: 0.1013 
Frame1143 [33, 69, 72, 201] Score: 0.8945  [43, 68, 62, 95] Score: 0.1129 
Frame1144 [38, 68, 70, 203] Score: 0.9576  [43, 69, 71, 107] Score: 0.2844  [21, 82, 42, 147] Score: 0.1907  [41, 73, 51, 84] Score: 0.1528 
Frame1145 [38, 69, 70, 212] Score: 0.9567  [21, 81, 42, 147] Score: 0.1755  [41, 68, 63, 104] Score: 0.1724 
Frame1146 [36, 72, 73, 204] Score: 0.3674  [41, 68, 63, 103] Score: 0.1961  [23, 118, 37, 144] Score: 0.1829  [29, 125, 40, 140] Score: 0.1016 
Frame1147 [38, 70, 70, 205] Score: 0.9479  [24, 119, 38, 144] Score: 0.2448  [41, 68, 63, 101] Score: 0.2068 
Frame1148 [38, 70, 70, 205] Score: 0.9421  [23, 119, 40, 144] Score: 0.2356  [40, 67, 63, 101] Score: 0.2323  [44, 81, 54, 85] Score: 0.1016 
Frame1149 [37, 74, 72, 208] Score: 0.7112  [23, 118, 40, 144] Score: 0.2234  [48, 67, 61, 82] Score: 0.1235 
Frame1150 [37, 69, 72, 223] Score: 0.7872  [23, 110, 40, 145] Score: 0.2177  [44, 81, 60, 97] Score: 0.1662  [48, 68, 62, 82] Score: 0.1246 
Frame1151 [37, 73, 72, 210] Score: 0.6547  [48, 69, 62, 98] Score: 0.1837  [22, 111, 37, 144] Score: 0.1833 
Frame1152 [38, 70, 70, 217] Score: 0.9345  [41, 68, 63, 108] Score: 0.1906  [23, 118, 37, 143] Score: 0.1793 
Frame1153 [37, 82, 72, 212] Score: 0.7595  [23, 118, 40, 140] Score: 0.1773  [46, 69, 62, 98] Score: 0.1351 
Frame1154 [37, 72, 71, 213] Score: 0.9125  [23, 118, 40, 144] Score: 0.1822  [46, 69, 64, 100] Score: 0.1274 
Frame1155 [38, 66, 71, 219] Score: 0.9820  [23, 117, 40, 138] Score: 0.1932  [41, 68, 64, 107] Score: 0.1690 
Frame1156 [38, 67, 71, 215] Score: 0.9644  [40, 69, 63, 107] Score: 0.2006  [23, 110, 40, 143] Score: 0.1805 
Frame1157 [27, 72, 74, 210] Score: 0.8113  [23, 117, 40, 144] Score: 0.1829  [46, 70, 62, 98] Score: 0.1528 
Frame1158 [37, 77, 72, 224] Score: 0.7063  [43, 68, 62, 102] Score: 0.2128  [23, 111, 40, 144] Score: 0.1748  [47, 68, 60, 80] Score: 0.1139 
Frame1159 [33, 72, 73, 222] Score: 0.6309  [23, 117, 40, 142] Score: 0.1658  [41, 68, 65, 100] Score: 0.1442 
Frame1160 [38, 66, 71, 216] Score: 0.9408  [46, 68, 62, 87] Score: 0.2115  [23, 112, 40, 142] Score: 0.1453 
Frame1161 [38, 65, 71, 218] Score: 0.9354  [23, 117, 40, 144] Score: 0.1251  [46, 68, 63, 87] Score: 0.1193 
Frame1162 [38, 70, 72, 201] Score: 0.8536 
Frame1163 [36, 68, 74, 222] Score: 0.4643 
Frame1164 [36, 68, 75, 222] Score: 0.4534 
Frame1165 [37, 69, 72, 200] Score: 0.8290 
Frame1166 [38, 66, 72, 222] Score: 0.8380 
Frame1167 [37, 61, 72, 223] Score: 0.9182 
Frame1168 [37, 65, 71, 223] Score: 0.8165 
Frame1169 [38, 65, 71, 216] Score: 0.7649 
Frame1170 [37, 60, 72, 223] Score: 0.8748 
Frame1171 [37, 60, 72, 223] Score: 0.8713 
Frame1172 [37, 60, 72, 223] Score: 0.8700 
Frame1173 [37, 67, 72, 204] Score: 0.7314 
Frame1174 [37, 60, 72, 228] Score: 0.8815 
Frame1175 [37, 61, 72, 224] Score: 0.8949 
Frame1176 [37, 64, 72, 226] Score: 0.7570 
Frame1177 [37, 60, 72, 222] Score: 0.9181 
Frame1178 [38, 64, 72, 214] Score: 0.8419 
Frame1179 [38, 64, 71, 222] Score: 0.8798 
Frame1180 [38, 64, 71, 211] Score: 0.8962 
Frame1181 [38, 61, 71, 224] Score: 0.9795 
Frame1182 [38, 64, 70, 213] Score: 0.8768 
Frame1183 [38, 60, 70, 223] Score: 0.9813 
Frame1184 [38, 61, 71, 225] Score: 0.9648  [44, 65, 59, 80] Score: 0.1411  [39, 66, 62, 113] Score: 0.1293 
Frame1185 [37, 61, 70, 218] Score: 0.9618  [45, 65, 59, 80] Score: 0.1296  [44, 66, 63, 106] Score: 0.1007 
Frame1186 [26, 50, 89, 255] Score: 0.5731 
Frame1187 [37, 64, 70, 211] Score: 0.9244 
Frame1188 [37, 62, 71, 218] Score: 0.9707 
Frame1189 [36, 62, 72, 223] Score: 0.4890  [39, 65, 62, 109] Score: 0.1000 
Frame1190 [37, 63, 70, 221] Score: 0.9231  [38, 66, 63, 109] Score: 0.1038 
Frame1191 [37, 63, 70, 222] Score: 0.9122 
Frame1192 [37, 64, 70, 212] Score: 0.9166 
Frame1193 [37, 64, 71, 220] Score: 0.9187  [39, 65, 59, 83] Score: 0.1088 
Frame1194 [37, 64, 70, 208] Score: 0.9200  [43, 71, 58, 79] Score: 0.1128  [31, 68, 47, 76] Score: 0.1125 
Frame1195 [37, 63, 72, 206] Score: 0.9264  [40, 65, 58, 80] Score: 0.1054  [37, 65, 72, 108] Score: 0.1019 
Frame1196 [37, 63, 70, 218] Score: 0.9360  [41, 70, 49, 85] Score: 0.1563  [37, 65, 60, 107] Score: 0.1174 
Frame1197 [36, 62, 72, 215] Score: 0.1955  [40, 66, 58, 83] Score: 0.1169 
Frame1198 [37, 64, 69, 209] Score: 0.9244  [40, 66, 57, 82] Score: 0.1507 
Frame1199 [36, 77, 71, 214] Score: 0.6320  [41, 66, 56, 82] Score: 0.2809  [37, 67, 72, 111] Score: 0.1599  [50, 60, 69, 78] Score: 0.1519 
Frame1200 [22, 55, 71, 233] Score: 0.8359  [41, 66, 56, 85] Score: 0.3752  [50, 61, 68, 82] Score: 0.2004  [38, 66, 71, 107] Score: 0.1694 
Frame1201 [36, 63, 69, 219] Score: 0.9399  [50, 69, 68, 79] Score: 0.2063  [34, 66, 70, 108] Score: 0.1654 
Frame1202 [24, 55, 71, 229] Score: 0.8169  [36, 66, 55, 85] Score: 0.2206  [31, 69, 43, 82] Score: 0.1749 
Frame1203 [34, 55, 74, 223] Score: 0.4987 
Frame1204 [33, 75, 72, 214] Score: 0.6282  [36, 66, 53, 87] Score: 0.1280 
Frame1205 [24, 53, 69, 228] Score: 0.7664  [36, 66, 51, 81] Score: 0.4686  [47, 64, 67, 77] Score: 0.1561  [26, 64, 39, 76] Score: 0.1229 
Frame1206 [18, 43, 74, 241] Score: 0.4548  [29, 65, 55, 87] Score: 0.1734 
Frame1207 [27, 61, 73, 205] Score: 0.9567 
Frame1208 [20, 52, 76, 230] Score: 0.7514  [26, 65, 51, 85] Score: 0.1345 
Frame1209 [22, 52, 72, 245] Score: 0.8542  [31, 65, 48, 86] Score: 0.1014 
Frame1210 [16, 50, 74, 229] Score: 0.8164 
Frame1211 [16, 54, 72, 230] Score: 0.7985 
Frame1212 [20, 67, 72, 209] Score: 0.9479 
Frame1213 [14, 53, 72, 245] Score: 0.8072 
Frame1214 [26, 75, 71, 214] Score: 0.9025 
Frame1215 [13, 54, 74, 240] Score: 0.8916 
Frame1216 [13, 52, 74, 242] Score: 0.8949 
Frame1217 [12, 46, 76, 238] Score: 0.9138 
Frame1218 [16, 70, 71, 211] Score: 0.9109 
Frame1219 [8, 65, 70, 223] Score: 0.9700 
Frame1220 [9, 44, 64, 231] Score: 0.9416 
Frame1221 [7, 45, 67, 235] Score: 0.6283  [15, 91, 61, 155] Score: 0.2334 
Frame1222 [4, 69, 64, 222] Score: 0.9771  [17, 65, 43, 89] Score: 0.1266  [44, 183, 55, 201] Score: 0.1044 
Frame1223 [15, 50, 61, 219] Score: 0.9377  [29, 66, 34, 75] Score: 0.1595  [40, 165, 76, 209] Score: 0.1409  [22, 66, 41, 88] Score: 0.1374  [41, 167, 53, 200] Score: 0.1291 
Frame1224 [6, 69, 64, 214] Score: 0.8680  [17, 67, 42, 89] Score: 0.1172  [38, 170, 53, 201] Score: 0.1046 
Frame1225 [5, 59, 63, 207] Score: 0.9219  [17, 64, 43, 92] Score: 0.1170 
Frame1226 [4, 60, 59, 220] Score: 0.9520  [17, 66, 42, 92] Score: 0.1114 
Frame1227 [10, 63, 60, 210] Score: 0.9882  [17, 66, 42, 91] Score: 0.1157 
Frame1228 [5, 67, 58, 226] Score: 0.9612  [15, 60, 22, 68] Score: 0.2184  [3, 66, 34, 89] Score: 0.1616  [16, 66, 33, 77] Score: 0.1411  [1, 72, 16, 87] Score: 0.1231 
Frame1229 [9, 70, 61, 215] Score: 0.9391  [28, 69, 43, 81] Score: 0.2430  [14, 66, 31, 77] Score: 0.1587  [16, 66, 22, 73] Score: 0.1587  [11, 66, 44, 108] Score: 0.1558 
Frame1230 [9, 65, 56, 215] Score: 0.9721  [28, 69, 43, 82] Score: 0.2670  [22, 66, 29, 77] Score: 0.1550  [12, 67, 27, 88] Score: 0.1048 
Frame1231 [5, 66, 59, 224] Score: 0.9789  [19, 61, 45, 101] Score: 0.1448  [28, 57, 44, 76] Score: 0.1207  [21, 66, 29, 78] Score: 0.1191 
Frame1232 [8, 51, 55, 235] Score: 0.7844  [27, 58, 42, 81] Score: 0.1538 
Frame1233 [5, 53, 54, 227] Score: 0.9749  [11, 68, 45, 92] Score: 0.1824 
Frame1234 [7, 47, 50, 232] Score: 0.8638  [26, 67, 41, 82] Score: 0.2529  [0, 94, 5, 102] Score: 0.1766  [9, 66, 31, 92] Score: 0.1426 
Frame1235 [2, 82, 57, 207] Score: 0.9478  [10, 66, 43, 94] Score: 0.1820  [24, 66, 42, 78] Score: 0.1672  [0, 92, 4, 105] Score: 0.1403 
Frame1236 [3, 79, 57, 221] Score: 0.9741  [6, 66, 45, 91] Score: 0.2997  [23, 66, 36, 82] Score: 0.2426  [6, 67, 25, 79] Score: 0.2156  [0, 93, 4, 110] Score: 0.1658 
Frame1237 [2, 75, 57, 219] Score: 0.9578  [16, 69, 33, 84] Score: 0.3685  [28, 70, 43, 84] Score: 0.3623  [3, 57, 23, 191] Score: 0.2804  [6, 44, 46, 91] Score: 0.2607  [7, 68, 17, 90] Score: 0.1388 
Frame1238 [4, 48, 52, 239] Score: 0.8452  [13, 49, 44, 87] Score: 0.4614  [18, 66, 30, 82] Score: 0.3646  [7, 68, 29, 90] Score: 0.2033 
Frame1239 [1, 60, 52, 223] Score: 0.9883  [5, 64, 43, 90] Score: 0.5592  [11, 67, 21, 80] Score: 0.3293  [16, 55, 29, 69] Score: 0.2671  [5, 70, 11, 97] Score: 0.1531 
Frame1240 [2, 69, 46, 212] Score: 0.9456  [15, 37, 43, 93] Score: 0.5449  [6, 68, 22, 91] Score: 0.3861  [28, 65, 42, 86] Score: 0.3149  [0, 66, 8, 113] Score: 0.3059  [5, 78, 36, 112] Score: 0.1715 
Frame1241 [1, 67, 47, 206] Score: 0.9914  [5, 67, 19, 79] Score: 0.5054  [16, 52, 42, 82] Score: 0.4629  [0, 77, 4, 110] Score: 0.2400  [1, 66, 23, 114] Score: 0.2311  [28, 53, 41, 66] Score: 0.1269  [16, 78, 35, 113] Score: 0.1003 
Frame1242 [0, 73, 46, 213] Score: 0.9900  [3, 67, 18, 90] Score: 0.3751  [0, 65, 5, 106] Score: 0.2585  [27, 65, 40, 83] Score: 0.2008 
Frame1243 [1, 70, 47, 215] Score: 0.9802  [3, 66, 18, 89] Score: 0.1766 
Frame1244 [1, 71, 40, 215] Score: 0.9869  [17, 75, 22, 82] Score: 0.3902  [16, 55, 43, 90] Score: 0.1042 
Frame1245 [4, 34, 49, 215] Score: 0.9803  [2, 66, 16, 82] Score: 0.3864  [15, 64, 43, 93] Score: 0.3008  [0, 80, 13, 84] Score: 0.2421  [0, 74, 4, 84] Score: 0.1459 
Frame1246 [-1, 62, 37, 214] Score: 0.9757  [0, 77, 8, 88] Score: 0.1137 
Frame1247 [1, 50, 45, 219] Score: 0.9867  [0, 75, 15, 89] Score: 0.1507  [0, 117, 5, 132] Score: 0.1314 
Frame1248 [1, 71, 16, 186] Score: 0.2220 
Frame1249 [1, 69, 31, 214] Score: 0.9603  [0, 67, 14, 81] Score: 0.3261  [0, 77, 13, 87] Score: 0.2100  [0, 79, 25, 112] Score: 0.1747  [1, 127, 6, 137] Score: 0.1152 
Frame1250 [1, 69, 33, 221] Score: 0.9463  [1, 67, 17, 82] Score: 0.2810  [0, 77, 9, 88] Score: 0.2167 
Frame1251 [0, 71, 31, 217] Score: 0.9603 
Frame1252 [-0, 70, 32, 215] Score: 0.9632 
Frame1253 [-1, 67, 32, 215] Score: 0.9617 
Frame1254 [-1, 69, 32, 214] Score: 0.9661  [0, 81, 8, 89] Score: 0.1418 
Frame1255 [-1, 70, 32, 215] Score: 0.9639 
Frame1256 [-1, 63, 32, 216] Score: 0.9586 
Frame1257 [-1, 62, 31, 214] Score: 0.9629 
Frame1258 [-1, 62, 32, 220] Score: 0.9603 
Frame1259 [-1, 57, 31, 214] Score: 0.9288 
Frame1260 [-1, 56, 31, 212] Score: 0.9419 
Frame1261 [-0, 69, 28, 204] Score: 0.8883  [4, 30, 67, 217] Score: 0.1713 
Frame1262 [-1, 73, 28, 207] Score: 0.9689  [6, 25, 58, 208] Score: 0.2966 
Frame1263 [-1, 75, 28, 206] Score: 0.8590 
Frame1264 [-0, 78, 27, 207] Score: 0.8454 
Frame1265 [1, 85, 24, 149] Score: 0.2633 
Frame1266 [-0, 75, 26, 205] Score: 0.5856  [7, 102, 39, 145] Score: 0.2900  [0, 82, 15, 142] Score: 0.2719 
Frame1267 [2, 86, 23, 142] Score: 0.4299  [0, 123, 34, 200] Score: 0.2568  [8, 101, 62, 155] Score: 0.1268 
Frame1268 [1, 76, 22, 199] Score: 0.2682 
Frame1269 [1, 87, 9, 135] Score: 0.1591 
Frame1270
Frame1271 [0, 168, 9, 203] Score: 0.4117  [3, 183, 16, 200] Score: 0.2137  [1, 167, 30, 203] Score: 0.1478 
Frame1272
Frame1273
Frame1274
Frame1275
Frame1276
Frame1277
Frame1278
Frame1279
Frame1280
Frame1281
Frame1282
Frame1283
Frame1284
Frame1285
Frame1286
Frame1287
Frame1288
Frame1289
Frame1290
Frame1291
Frame1292
Frame1293
Frame1294
Frame1295
Frame1296
Frame1297
Frame1298
Frame1299
Frame1300
Frame1301
Frame1302
Frame1303
Frame1304
Frame1305
Frame1306
Frame1307
Frame1308
Frame1309
Frame1310
Frame1311
Frame1312
Frame1313
Frame1314
Frame1315
Frame1316
Frame1317
Frame1318
Frame1319
Frame1320
Frame1321
Frame1322
Frame1323
Frame1324
Frame1325
Frame1326
Frame1327
Frame1328
Frame1329
Frame1330
Frame1331
Frame1332
Frame1333
Frame1334
Frame1335
Frame1336
Frame1337
Frame1338
Frame1339
Frame1340
Frame1341
Frame1342
Frame1343
Frame1344
Frame1345
Frame1346
Frame1347
Frame1348
Frame1349
Frame1350
Frame1351
Frame1352
Frame1353
Frame1354
Frame1355
Frame1356
Frame1357
Frame1358
Frame1359
Frame1360
Frame1361
Frame1362
Frame1363
Frame1364
Frame1365
Frame1366
Frame1367
Frame1368
Frame1369
Frame1370
Frame1371
Frame1372
Frame1373
Frame1374
Frame1375
Frame1376
Frame1377
Frame1378
Frame1379
Frame1380
Frame1381
Frame1382
